clu10	clu20	clu30	clu40	clu50	clu60	clu70	clu80	clu90	clu100	clu110	clu120	clu130	clu140	clu150
AAACCTGCAGAGCCAA-1-Human_colon_16S7985394	1	1	1	1	1	1	3	1	1	3	2	2	2	3	2
AAACCTGCATCTGGTA-1-Human_colon_16S8159182	7	12	15	17	21	23	26	28	30	33	36	39	45	54	66
AAACCTGGTGATAAAC-1-Human_colon_16S7985389	5	16	21	24	27	30	34	37	39	42	45	49	65	73	93
AAACCTGGTTGTGGCC-1-FCA_gut8015060	7	12	15	17	21	23	26	28	30	33	36	39	45	54	71
AAACCTGTCACAGTAC-1-Human_colon_16S8159190	6	9	11	12	15	19	20	20	22	25	27	29	33	39	50
AAACCTGTCCAGTATG-1-Human_colon_16S8159189	1	1	2	3	4	5	5	4	5	5	5	4	4	5	17
AAACGGGAGACAAAGG-1-Human_colon_16S7985395	7	12	15	17	21	23	26	28	30	33	36	39	45	54	68
AAACGGGTCGCATGGC-1-Human_colon_16S7985389	8	15	19	32	39	39	48	53	59	62	66	73	85	92	160
AAAGATGAGGGATCTG-1-FCA_gut8015059	9	19	26	35	44	46	55	62	71	72	78	83	96	107	161
AAAGATGAGGTGATAT-1-Human_colon_16S7985389	8	16	22	26	33	34	40	44	46	47	50	55	63	71	88
AAAGATGGTGCACTTA-1-Human_colon_16S8159188	8	17	23	28	34	35	41	45	48	49	52	57	66	75	105
AAAGCAACACCGGAAA-1-FCA_gut8015060	1	1	1	1	1	4	3	1	4	3	4	3	3	3	3
AAAGCAAGTTCCACTC-1-Human_colon_16S7985393	1	1	1	2	3	4	4	3	4	4	4	3	3	4	10
AAAGTAGAGCGTTCCG-1-Human_colon_16S8159190	8	15	19	32	40	41	47	52	58	59	64	70	84	106	155
AAAGTAGTCAGAAATG-1-Human_colon_16S7985389	8	18	24	30	43	44	50	60	66	66	71	77	94	103	154
AAATGCCCACAGGTTT-1-Human_colon_16S7985389	8	17	23	29	36	37	43	48	52	53	57	62	71	80	112
AACCATGTCGCCATAA-1-Human_colon_16S8159187	8	17	23	29	36	37	43	48	52	53	57	62	71	80	112
AACCGCGAGGCATTGG-1-Human_colon_16S8159189	10	21	30	40	53	58	69	76	86	92	102	108	121	132	186
AACCGCGTCTAGAGTC-1-Human_colon_16S7985389	5	8	9	10	12	15	15	15	17	18	20	20	24	28	39
AACGTTGTCGCATGGC-1-Human_colon_16S8159187	8	16	22	26	33	34	40	44	46	47	50	55	63	71	100
AACGTTGTCGCCAGCA-1-Human_colon_16S8159187	6	9	11	13	42	43	49	54	69	68	74	78	90	102	140
AACGTTGTCTCTGAGA-1-Human_colon_16S8159190	6	9	11	13	17	20	21	54	62	63	68	74	86	94	142
AACTCAGAGATCTGCT-1-Human_colon_16S8159188	10	21	31	42	53	60	69	77	87	93	103	113	125	135	199
AACTCAGGTCTTCGTC-1-Human_colon_16S7985389	9	20	27	36	46	49	58	65	75	77	85	90	103	114	168
AACTCCCTCGAATGGG-1-Human_colon_16S8159184	5	16	22	27	31	32	38	41	47	48	51	56	64	74	99
AACTCTTAGAGCCCAA-1-Human_colon_16S8159188	8	15	19	26	29	31	36	39	60	61	67	72	82	91	122
AACTCTTGTTATCCGA-1-Human_colon_16S7985394	8	16	22	26	33	34	40	44	46	47	50	55	63	71	103
AACTTTCCACATCCGG-1-FCA_gut8015060	7	12	15	17	22	24	28	30	32	35	38	41	47	56	72
AAGACCTGTGTCAATC-1-Human_colon_16S8159187	6	9	11	13	42	43	49	54	69	68	74	78	90	102	140
AAGACCTTCCTCAACC-1-Human_colon_16S7985393	8	18	24	30	43	44	54	60	70	71	76	82	94	105	147
AAGCCGCGTACGAAAT-1-Human_colon_16S8159190	9	20	28	37	48	53	62	70	80	84	93	99	112	123	177
AAGCCGCTCTATGTGG-1-Human_colon_16S8159188	5	16	22	27	31	32	38	41	47	48	51	56	64	74	100
AAGGAGCAGCCTCGTG-1-Human_colon_16S8159187	10	21	30	40	53	58	69	78	88	94	105	111	123	134	190
AAGGCAGGTATCACCA-1-FCA_gut8015058	1	1	2	3	5	6	6	5	7	8	9	8	8	11	24
AAGTCTGAGGAGTTGC-1-Human_colon_16S7985391	1	1	1	2	3	4	4	3	4	4	4	3	3	4	10
AATCCAGGTAAGAGGA-1-Human_colon_16S8159190	5	16	21	24	27	30	34	37	39	42	45	49	65	73	93
AATCGGTAGCAGCGTA-1-Human_colon_16S8159183	8	15	19	32	40	41	47	52	58	59	64	70	84	106	155
AATCGGTAGGCATGTG-1-Human_colon_16S8159189	1	1	1	1	1	1	3	1	1	3	2	2	2	3	4
ACACCAATCTCGATGA-1-Human_colon_16S7985393	8	18	24	30	43	44	50	60	66	66	71	77	94	103	154
ACACCCTGTCTAAAGA-1-FCA_gut8015060	1	1	1	1	1	4	3	1	4	3	4	3	3	3	5
ACACCCTTCAGCATGT-1-Human_colon_16S8159188	8	17	23	28	34	35	41	46	50	51	54	59	68	77	109
ACACCGGCAGGTTTCA-1-Human_colon_16S8159187	8	15	19	32	39	39	48	53	59	62	66	73	85	92	160
ACATACGAGGCTAGAC-1-Human_colon_16S7985392	1	1	1	2	3	4	4	3	4	4	4	3	3	4	10
ACATACGTCATTGCCC-1-Human_colon_16S8159188	8	15	19	32	40	41	47	52	58	59	64	70	84	106	155
ACATCAGTCCGCAGTG-1-Human_colon_16S8159187	5	8	9	10	12	16	16	16	18	20	22	22	26	30	43
ACATGGTAGTATGACA-1-Human_colon_16S8159190	6	18	25	34	41	45	52	61	68	69	77	81	93	101	135
ACATGGTCACTTCGAA-1-Human_colon_16S8159184	8	15	19	26	29	31	36	39	60	61	67	72	82	91	156
ACATGGTGTCAACATC-1-Human_colon_16S7985393	5	16	22	27	31	32	38	41	47	48	51	56	64	74	99
ACCAGTACAATCAGAA-1-Human_colon_16S7985393	8	16	22	26	33	34	40	44	46	47	50	55	63	71	126
ACCAGTACAGCTCCGA-1-Human_colon_16S8159188	5	16	21	24	27	30	34	37	39	42	45	49	65	73	94
ACCAGTAGTACTTAGC-1-FCA_gut8015060	7	13	16	19	24	27	31	34	36	39	42	46	52	61	79
ACCCACTCATCCTAGA-1-Human_colon_16S7985389	10	21	31	42	54	60	70	79	89	95	106	112	126	136	193
ACGAGCCGTCGCTTCT-1-Human_colon_16S7985393	6	18	25	34	41	45	52	61	68	69	77	81	93	101	136
ACGAGCCGTGTGCCTG-1-Human_colon_16S7985390	8	15	19	32	39	39	48	53	59	62	66	73	85	92	160
ACGAGGAAGCTCAACT-1-Human_colon_16S7985393	10	22	32	44	56	62	72	81	91	98	109	116	129	139	203
ACGAGGAGTCGAACAG-1-Human_colon_16S8159188	8	16	22	26	33	34	40	44	46	47	50	55	63	71	92
ACGATACGTGACCAAG-1-Human_colon_16S7985391	8	17	23	29	36	37	44	49	54	55	59	64	73	82	116
ACGATACTCGCCGTGA-1-Human_colon_16S8159189	8	18	24	30	43	44	50	60	66	66	71	77	94	103	154
ACGATGTAGAGAACAG-1-Human_colon_16S7985389	1	1	1	1	1	4	3	1	4	3	4	3	3	3	2
ACGATGTCACACAGAG-1-Human_colon_16S7985393	8	18	24	30	43	44	50	60	66	66	71	77	94	103	154
ACGATGTCATTATCTC-1-Human_colon_16S8159187	5	16	21	24	27	30	34	37	39	42	45	49	65	73	95
ACGATGTTCAACGCTA-1-Human_colon_16S8159190	8	15	19	32	40	41	47	52	58	59	64	70	84	106	155
ACGATGTTCAGGCGAA-1-Human_colon_16S7985389	1	1	1	2	3	4	4	3	4	4	4	3	3	4	11
ACGATGTTCCGCAAGC-1-Human_colon_16S8159182	7	12	15	17	21	23	26	28	30	33	36	39	45	54	68
ACGCAGCGTCAGTGGA-1-Human_colon_16S8159182	5	16	21	24	27	30	34	37	39	42	45	49	65	73	96
ACGCAGCGTGAACCTT-1-Human_colon_16S7985389	5	16	22	27	31	32	38	41	47	48	51	56	64	74	99
ACGCAGCGTGTGACGA-1-FCA_gut8015058	9	20	27	36	46	50	59	66	76	79	87	92	105	116	170
ACGCCAGAGCTCCTTC-1-Human_colon_16S8159183	8	17	23	29	36	37	43	48	52	53	57	62	71	80	112
ACGCCGATCCAGATCA-1-Human_colon_16S7985394	9	20	29	38	49	54	64	72	82	88	97	103	116	127	181
ACGGAGAAGTGTACCT-1-Human_colon_16S7985389	1	1	1	1	1	4	3	1	4	3	4	3	3	3	3
ACGGAGAGTCTAGCGC-1-Human_colon_16S8159188	6	9	11	13	42	43	49	54	69	68	74	78	90	102	141
ACGGAGATCCAAACTG-1-Human_colon_16S8159182	8	16	22	26	33	34	40	44	46	47	50	55	63	71	92
ACGGAGATCCGGGTGT-1-Human_colon_16S7985389	8	16	22	26	33	34	40	44	46	47	50	55	63	71	92
ACGGAGATCGTAGATC-1-Human_colon_16S8159187	8	17	23	28	34	35	41	46	50	51	54	59	68	77	109
ACGGCCACACGTGAGA-1-Human_colon_16S8159188	8	17	23	29	36	37	43	48	52	53	57	62	71	80	113
ACGGCCACACTATCTT-1-Human_colon_16S8159183	7	12	15	17	21	23	26	28	30	33	36	39	45	54	69
ACGGCCATCTGTTTGT-1-Human_colon_16S8159190	6	18	24	30	43	44	54	60	70	71	76	82	95	105	148
ACGGGCTAGTAAGTAC-1-Human_colon_16S8159184	8	18	24	30	43	44	54	60	70	71	76	82	94	105	147
ACGGGTCTCATATCGG-1-Human_colon_16S7985395	10	21	30	40	53	58	69	78	88	94	105	111	123	134	190
ACGTCAAGTTTGTTTC-1-Human_colon_16S8159187	8	15	19	32	39	39	48	53	59	62	66	73	85	92	160
ACTATCTCAGACAAAT-1-Human_colon_16S8159187	9	20	27	36	47	51	60	67	77	80	88	93	106	117	171
ACTGAACAGACGACGT-1-Human_colon_16S7985389	6	18	25	34	41	45	52	61	68	69	77	81	93	101	153
ACTGAACCACCTCGTT-1-Human_colon_16S7985389	8	18	24	30	43	44	54	60	70	71	76	82	94	105	147
ACTGAGTGTAGAGCTG-1-Human_colon_16S8159183	6	9	11	13	42	43	49	54	69	68	74	78	90	102	142
ACTGAGTGTGGTCTCG-1-Human_colon_16S8159188	8	16	22	26	33	34	40	44	46	47	50	55	63	71	92
ACTGAGTTCGCGATCG-1-FCA_gut8015057	10	21	31	42	53	60	69	77	87	93	103	113	125	135	192
ACTGATGAGCAGATCG-1-Human_colon_16S7985393	5	16	21	24	27	30	34	37	39	42	45	49	65	73	104
ACTGCTCAGGCGTACA-1-Human_colon_16S8159183	5	16	21	24	27	30	34	37	39	42	45	49	65	73	96
ACTGTCCCAAGCCATT-1-Human_colon_16S7985393	8	18	24	30	43	44	50	60	66	66	71	77	94	103	154
ACTGTCCCATTAACCG-1-Human_colon_16S8159187	8	15	19	32	40	41	47	52	58	59	64	70	84	106	156
ACTGTCCTCAGCATGT-1-Human_colon_16S8159188	6	9	11	13	17	20	21	54	62	63	68	74	86	94	128
ACTTACTAGAAGCCCA-1-Human_colon_16S7985389	8	17	23	29	36	37	43	48	52	53	57	62	71	80	112
ACTTACTAGGTGATTA-1-Human_colon_16S8159188	8	15	19	26	29	31	36	39	60	61	67	72	85	92	126
ACTTGTTAGAGGGCTT-1-Human_colon_16S8159187	6	9	11	13	42	43	49	54	69	68	74	78	90	102	141
ACTTGTTAGAGGTTGC-1-Human_colon_16S7985393	8	18	24	30	43	44	50	60	66	66	71	77	94	103	159
ACTTGTTAGTGAAGAG-1-Human_colon_16S7985390	5	16	21	24	27	30	34	37	39	42	45	49	65	73	96
ACTTGTTTCATCGATG-1-Human_colon_16S8159189	5	16	22	27	31	32	38	41	47	48	51	56	64	74	101
ACTTTCAAGCGCTCCA-1-Human_colon_16S8159182	8	15	19	32	40	41	47	52	58	59	64	70	84	106	156
ACTTTCACAACCGCCA-1-Human_colon_16S8159182	8	17	23	28	34	35	41	46	50	51	54	59	68	77	109
ACTTTCAGTAGGGTAC-1-Human_colon_16S8159190	6	18	24	30	43	44	54	60	70	71	76	82	95	105	149
ACTTTCATCCGTCATC-1-Human_colon_16S7985393	10	21	30	40	53	58	69	76	86	92	102	108	121	132	186
AGAATAGCACAGGAGT-1-Human_colon_16S7985389	1	1	1	2	3	4	4	3	4	4	4	3	3	4	10
AGAGCGAGTCATATCG-1-Human_colon_16S7985389	5	16	21	24	27	30	34	37	39	42	45	49	65	73	104
AGAGTGGCACCCAGTG-1-Human_colon_16S8159182	8	18	24	30	43	44	54	60	70	71	76	82	95	105	150
AGATCTGCAGCCAATT-1-Human_colon_16S8159182	9	20	29	38	49	54	64	72	82	88	98	104	117	128	182
AGATTGCGTAAAGTCA-1-Human_colon_16S8159188	8	15	19	32	39	39	48	53	59	62	66	73	85	92	160
AGCAGCCCAGTCGATT-1-Human_colon_16S7985390	10	21	31	42	54	60	70	79	89	95	106	113	126	136	194
AGCAGCCTCAACACGT-1-Human_colon_16S8159187	6	9	11	13	42	43	49	54	69	68	74	78	90	102	140
AGCATACGTAAATACG-1-Human_colon_16S8159190	1	1	1	1	1	3	3	2	3	2	1	1	1	1	3
AGCATACGTCATACTG-1-Human_colon_16S8159182	10	21	31	42	53	60	69	77	87	93	103	113	125	135	199
AGCATACGTGTTCTTT-1-Human_colon_16S8159188	9	20	27	36	47	52	61	69	79	82	90	96	109	120	174
AGCATACTCGAGAACG-1-Human_colon_16S8159190	6	18	25	34	41	45	52	61	68	69	77	81	93	101	153
AGCCTAACATGGGACA-1-Human_colon_16S7985393	7	12	15	17	21	23	27	29	31	34	37	40	46	55	71
AGCGGTCCACGCGAAA-1-Human_colon_16S7985394	7	12	15	17	21	23	26	28	30	33	36	39	45	54	69
AGCGGTCCAGCTGTAT-1-FCA_gut8015058	1	1	1	2	3	4	4	3	4	4	4	3	3	4	10
AGCGTATTCTGTTTGT-1-Human_colon_16S8159187	10	21	31	42	54	60	70	79	89	95	106	112	126	136	193
AGCGTCGCATCGGACC-1-Human_colon_16S8159187	1	1	1	2	3	4	4	3	4	4	4	3	3	4	95
AGCGTCGGTCTACCTC-1-Human_colon_16S8159187	5	16	21	24	27	30	34	37	39	42	45	49	65	73	93
AGCTCCTAGACGCTTT-1-Human_colon_16S8159190	6	9	11	13	17	20	22	24	25	28	30	32	37	44	140
AGCTCTCAGTGACATA-1-Human_colon_16S8159188	7	12	15	17	22	24	28	30	32	35	38	41	47	56	73
AGCTTGACAAGAAGAG-1-Human_colon_16S7985389	8	15	19	32	39	39	48	53	59	62	66	73	85	92	160
AGCTTGATCTGCAGTA-1-Human_colon_16S7985393	6	18	24	30	43	44	54	60	70	71	76	82	95	105	147
AGGCCACAGTGACATA-1-Human_colon_16S8159190	8	15	19	32	40	41	47	52	58	59	64	70	84	106	155
AGGCCACCAGTAAGAT-1-Human_colon_16S7985394	7	13	16	19	24	27	31	34	36	39	42	46	53	62	79
AGGGAGTAGATGTTAG-1-Human_colon_16S8159188	5	16	21	24	27	30	34	37	39	42	45	49	65	73	93
AGGGAGTCATTCCTCG-1-Human_colon_16S8159190	5	16	22	27	31	32	38	41	47	48	51	56	64	74	102
AGGGAGTTCCGAACGC-1-Human_colon_16S8159188	8	15	19	32	40	41	47	52	58	59	64	70	84	106	155
AGGGATGCATGCATGT-1-FCA_gut8015060	7	12	15	17	22	24	28	30	32	35	38	41	47	56	73
AGGGTGAGTGACTCAT-1-Human_colon_16S7985393	5	16	22	27	31	32	38	41	47	48	51	56	64	74	99
AGGGTGATCGACCAGC-1-Human_colon_16S7985393	5	16	22	27	31	32	38	41	47	48	51	56	64	74	99
AGGTCCGGTTTGACAC-1-Human_colon_16S8159183	6	18	24	30	43	44	54	60	70	71	76	82	95	105	151
AGTAGTCCAACACCTA-1-Human_colon_16S8159188	8	15	24	31	38	38	45	50	55	56	61	67	76	85	118
AGTAGTCCATGCCTTC-1-Human_colon_16S8159184	5	16	21	24	27	30	34	37	39	42	45	49	65	73	93
AGTAGTCGTGGGTCAA-1-Human_colon_16S7985389	1	1	1	1	1	4	3	1	4	3	4	3	3	3	5
AGTAGTCTCCGAAGAG-1-Human_colon_16S7985395	8	18	24	30	43	44	50	60	66	66	71	77	94	103	154
AGTCTTTAGAACAACT-1-Human_colon_16S7985390	10	21	31	42	54	60	70	79	89	95	106	112	126	136	193
AGTCTTTGTCGGATCC-1-Human_colon_16S8159188	6	18	25	34	41	45	52	61	68	69	77	81	93	101	136
AGTCTTTTCGGAATCT-1-Human_colon_16S8159188	7	12	15	17	21	23	26	28	30	33	36	39	45	54	66
AGTGAGGAGCTAGTTC-1-Human_colon_16S7985393	8	16	22	26	33	34	40	44	46	47	50	55	63	71	92
AGTGAGGGTTTAAGCC-1-Human_colon_16S7985389	8	15	19	32	39	39	48	53	59	62	66	73	85	92	160
AGTGGGACAACTTGAC-1-Human_colon_16S8159184	8	15	19	26	29	31	37	40	42	44	47	51	58	66	124
AGTGTCAAGTAGGTGC-1-Human_colon_16S7985393	1	1	1	2	3	4	4	3	4	4	4	3	3	4	10
AGTGTCAGTACCGCTG-1-Human_colon_16S7985393	8	15	19	32	39	39	48	53	59	62	66	73	85	92	160
ATAACGCAGCGTGTCC-1-Human_colon_16S8159189	6	9	11	13	17	20	23	25	26	29	31	33	38	46	58
ATAACGCGTCTCAACA-1-Human_colon_16S8159188	8	15	19	26	29	31	36	39	60	61	67	72	82	91	122
ATAACGCGTTGGTAAA-1-Human_colon_16S8159183	6	9	11	13	42	43	49	54	69	68	74	78	90	102	141
ATAAGAGGTGGTGTAG-1-Human_colon_16S8159188	6	9	11	13	17	20	23	25	26	29	31	33	38	46	58
ATAAGAGGTTTGACAC-1-Human_colon_16S8159184	8	15	19	32	39	39	48	53	59	62	66	73	85	92	160
ATCACGAAGAGCTGCA-1-Human_colon_16S8159188	6	18	24	30	43	44	54	60	70	71	76	82	95	105	148
ATCACGAGTTGCCTCT-1-Human_colon_16S8159188	6	18	24	30	43	44	54	60	70	71	76	82	95	105	151
ATCATCTCAGCTCGCA-1-Human_colon_16S7985389	5	16	22	27	31	32	38	41	47	48	51	56	64	74	100
ATCATCTCATCAGTCA-1-Human_colon_16S7985389	4	5	7	8	10	13	13	12	14	15	17	17	21	25	36
ATCATCTTCGCGCCAA-1-Human_colon_16S8159189	8	15	19	32	40	41	47	52	58	59	64	70	84	106	155
ATCCACCAGTTCGCGC-1-Human_colon_16S8159189	6	11	14	15	19	21	24	26	27	30	32	34	39	47	60
ATCCACCTCCTGTACC-1-Human_colon_16S8159187	9	19	26	35	44	47	56	63	72	74	80	85	98	109	163
ATCCGAAAGATGTTAG-1-Human_colon_16S8159190	9	19	26	35	44	47	56	63	73	75	82	87	100	111	165
ATCCGAACAAGGTTCT-1-FCA_gut8015059	10	21	31	42	54	60	70	79	89	95	106	113	126	136	195
ATCCGAACATCACAAC-1-Human_colon_16S8159183	8	17	23	29	36	37	43	48	52	53	57	62	71	80	113
ATCCGAAGTTGATTCG-1-Human_colon_16S8159182	8	15	19	32	39	39	48	53	59	62	66	73	85	92	160
ATCGAGTAGCTGCAAG-1-Human_colon_16S8159183	10	21	30	40	53	58	69	76	86	92	102	108	121	132	189
ATCGAGTGTCGCTTCT-1-Human_colon_16S8159182	1	1	1	2	3	4	4	3	4	4	4	3	3	4	94
ATCTACTCAATCAGAA-1-Human_colon_16S8159183	6	9	11	13	17	20	21	54	62	63	68	74	86	94	128
ATCTACTCAGCCTATA-1-Human_colon_16S8159182	10	21	31	42	53	60	69	77	87	93	103	113	125	135	192
ATCTGCCAGGCAAAGA-1-Human_colon_16S8159190	6	18	25	34	41	45	52	61	68	69	77	81	93	101	136
ATCTGCCGTGAAGGCT-1-Human_colon_16S7985389	6	9	25	34	42	43	49	61	69	69	74	78	93	102	143
ATGAGGGAGGTTCCTA-1-Human_colon_16S7985392	6	18	25	34	41	45	52	61	68	69	77	81	93	101	135
ATGAGGGCACCCAGTG-1-Human_colon_16S7985395	7	12	15	17	21	23	26	28	30	33	36	39	45	54	71
ATGAGGGCATACGCCG-1-Human_colon_16S8159182	5	16	21	24	27	30	34	37	39	42	45	49	65	73	93
ATGCGATAGAGTAAGG-1-Human_colon_16S7985394	10	22	32	44	57	63	74	84	95	102	113	121	135	145	209
ATGCGATAGATAGGAG-1-Human_colon_16S7985389	9	19	26	35	45	48	57	64	74	76	83	88	101	112	166
ATGGGAGAGGATCGCA-1-Human_colon_16S8159187	5	16	22	27	31	32	38	41	47	48	51	56	64	74	103
ATGGGAGAGTACGTAA-1-Human_colon_16S8159188	5	16	21	24	27	30	34	37	39	42	45	49	65	73	96
ATGGGAGTCAACGCTA-1-Human_colon_16S8159182	7	12	15	17	22	24	28	30	32	35	38	41	47	56	73
ATGTGTGCAAGTTCTG-1-Human_colon_16S7985394	8	15	19	32	39	39	48	53	59	62	66	73	85	92	160
ATGTGTGTCTTTAGGG-1-Human_colon_16S8159188	6	18	24	30	43	44	54	60	70	71	76	82	95	105	147
ATTACTCAGGAATGGA-1-Human_colon_16S7985394	7	12	15	17	22	25	29	32	34	37	40	43	49	58	76
ATTACTCCAGAGCCAA-1-Human_colon_16S8159187	5	16	22	27	31	32	38	41	47	48	51	56	64	74	101
ATTATCCGTTCCATGA-1-Human_colon_16S8159188	8	15	19	26	29	31	36	39	60	61	67	72	82	91	122
ATTATCCTCTCAACTT-1-Human_colon_16S8159188	5	8	9	10	12	16	16	16	18	20	22	22	26	31	43
ATTATCCTCTCTGCTG-1-Human_colon_16S7985394	7	12	15	17	22	24	28	31	33	36	39	42	48	57	74
ATTCTACAGGAGTACC-1-Human_colon_16S8159188	9	20	28	37	48	53	63	71	81	86	95	101	114	125	179
ATTCTACTCTCGGACG-1-Human_colon_16S7985392	6	18	25	34	41	45	52	61	68	69	77	81	93	101	135
ATTGGACAGGCTCATT-1-Human_colon_16S7985389	1	1	1	1	1	1	3	1	1	3	2	2	2	3	4
ATTGGACCATCGGAAG-1-Human_colon_16S7985393	1	1	1	2	3	4	4	3	4	4	4	3	3	4	11
ATTGGACTCACAAACC-1-Human_colon_16S8159182	6	18	24	30	43	44	54	60	70	71	76	82	95	105	151
ATTGGTGGTTTGCATG-1-Human_colon_16S8159188	8	17	23	28	34	35	41	45	48	49	52	57	66	75	105
ATTTCTGCAATGGACG-1-Human_colon_16S7985391	1	1	2	3	5	7	7	6	8	9	10	9	11	14	25
CAACCAATCGTGACAT-1-Human_colon_16S7985389	5	8	9	10	12	16	17	17	19	21	23	23	27	33	45
CAACCAATCTTGCAAG-1-Human_colon_16S8159184	10	21	31	42	53	60	69	77	87	93	103	113	125	135	199
CAACCTCAGATAGCAT-1-Human_colon_16S7985390	7	12	15	17	21	23	26	28	30	33	36	39	45	54	70
CAACCTCAGCAATCTC-1-Human_colon_16S7985390	1	1	1	2	3	4	4	3	4	4	4	3	3	4	10
CAACTAGAGTCAATAG-1-Human_colon_16S8159187	6	9	11	13	42	43	49	54	69	68	74	78	90	102	141
CAACTAGAGTGAAGAG-1-Human_colon_16S8159188	5	16	22	27	31	32	38	41	47	48	51	56	64	74	99
CAACTAGCACGTTGGC-1-Human_colon_16S8159188	8	18	24	30	43	44	54	60	70	71	76	82	94	105	147
CAACTAGTCCTTTCGG-1-Human_colon_16S7985393	7	12	15	17	21	23	26	28	30	33	36	39	45	54	66
CAAGAAAGTTGCTCCT-1-Human_colon_16S7985389	8	15	24	31	38	38	45	51	57	58	63	69	79	88	121
CAAGAAATCAATACCG-1-Human_colon_16S7985389	6	18	24	30	43	44	54	60	70	71	76	82	95	105	147
CAAGTTGAGTACGTTC-1-Human_colon_16S8159189	6	18	25	34	41	45	52	61	68	69	77	81	93	101	135
CAAGTTGCAGGGTATG-1-Human_colon_16S8159184	6	11	14	16	20	22	25	27	29	32	34	37	42	51	63
CAAGTTGCATATGAGA-1-Human_colon_16S7985391	1	1	2	3	4	5	5	4	5	6	6	5	5	7	18
CACAAACGTACCTACA-1-Human_colon_16S8159188	6	18	24	30	43	44	54	60	70	71	76	82	95	105	151
CACACAAAGCGATCCC-1-Human_colon_16S7985393	8	16	22	26	33	34	40	44	46	47	50	55	63	71	88
CACACAAAGTGCGATG-1-Human_colon_16S8159190	6	18	24	30	43	44	54	60	70	71	76	82	95	105	151
CACACAAAGTGGACGT-1-Human_colon_16S8159187	8	17	23	28	34	35	41	45	48	49	52	57	66	75	105
CACACTCAGCTGTCTA-1-Human_colon_16S8159188	6	9	11	13	42	43	49	54	69	68	74	78	90	102	142
CACACTCTCGTTGCCT-1-Human_colon_16S7985391	8	15	19	32	39	39	48	53	59	62	66	73	85	92	160
CACAGGCAGTACGATA-1-FCA_gut8015059	5	16	21	24	27	30	34	37	39	42	45	49	65	73	104
CACAGGCTCGGTGTTA-1-Human_colon_16S8159187	8	17	23	28	34	35	41	46	50	51	54	59	68	77	109
CACATAGGTTGGTAAA-1-Human_colon_16S8159190	6	18	25	34	41	45	52	61	68	69	77	81	93	101	135
CACATAGTCAACCAAC-1-Human_colon_16S8159183	10	21	31	42	54	60	70	79	89	95	106	113	126	136	196
CACATTTAGACACTAA-1-Human_colon_16S8159188	6	18	24	30	43	44	54	60	70	71	76	82	95	105	149
CACATTTCACCACCAG-1-Human_colon_16S7985389	5	16	21	24	27	30	35	38	40	43	46	50	57	65	95
CACCAGGAGCGCTCCA-1-Human_colon_16S8159187	5	16	21	24	27	30	34	37	39	42	45	49	65	73	96
CACCAGGAGGCATGGT-1-Human_colon_16S8159190	6	18	24	30	43	44	54	60	70	71	76	82	95	105	148
CACCTTGAGATGGGTC-1-FCA_gut8015059	1	1	1	1	1	1	3	1	1	3	2	2	2	3	4
CACTCCACATCTCCCA-1-Human_colon_16S8159188	10	21	31	42	54	60	70	79	89	95	106	113	126	136	194
CACTCCAGTGCGGTAA-1-Human_colon_16S7985392	5	8	9	10	12	16	17	17	19	22	24	25	29	35	46
CACTCCATCCACGTTC-1-FCA_gut8015060	10	21	31	42	54	60	70	79	89	95	106	113	126	136	194
CAGAATCGTAGAGGAA-1-Human_colon_16S7985389	5	16	22	27	31	32	38	44	47	48	51	56	64	74	100
CAGAATCTCTACTCAT-1-Human_colon_16S8159188	5	16	21	24	27	30	34	37	39	42	45	49	65	73	93
CAGAGAGAGTACGTTC-1-Human_colon_16S8159189	5	16	22	27	31	32	38	41	47	48	51	56	64	74	101
CAGAGAGCACGAGAGT-1-Human_colon_16S7985394	5	16	21	24	27	30	34	37	39	42	45	49	65	73	104
CAGATCAAGCTGGAAC-1-Human_colon_16S8159189	6	9	11	13	17	20	22	24	25	28	30	32	37	45	140
CAGATCACATCGGGTC-1-Human_colon_16S8159188	6	9	11	13	42	43	49	54	69	68	74	78	90	102	141
CAGCAGCCACGGTTTA-1-Human_colon_16S8159188	5	16	22	27	31	32	38	41	47	48	51	56	64	74	101
CAGCCGACAGCTCCGA-1-Human_colon_16S8159182	9	20	27	36	47	52	61	69	79	83	91	97	110	121	197
CAGCCGACATGCCCGA-1-Human_colon_16S7985394	9	19	26	35	45	48	57	64	74	76	83	88	101	112	166
CAGCCGAGTGAGGGTT-1-Human_colon_16S8159190	10	21	31	42	54	60	70	79	89	95	106	113	126	136	197
CAGCCGAGTTCCGGCA-1-Human_colon_16S8159187	5	16	21	24	27	30	34	37	39	42	45	49	65	73	104
CAGCGACCATTCACTT-1-Human_colon_16S8159190	5	8	9	10	12	15	15	15	17	18	20	20	24	28	39
CAGCGACGTAGTAGTA-1-Human_colon_16S8159188	8	18	24	30	43	44	50	60	66	66	71	77	94	103	154
CAGCGACGTGTTTGTG-1-Human_colon_16S7985389	1	1	3	4	6	8	8	7	9	10	12	11	13	16	29
CAGCGACTCCCAAGTA-1-Human_colon_16S7985395	8	18	24	30	43	44	50	60	66	66	71	77	94	103	154
CAGCGACTCGACCAGC-1-Human_colon_16S8159182	6	18	24	30	43	44	54	60	70	71	76	82	95	105	148
CAGCTAACACGTCAGC-1-Human_colon_16S8159190	8	17	23	28	34	35	41	45	48	49	52	57	66	75	106
CAGCTAAGTAATCGTC-1-Human_colon_16S8159182	1	1	2	3	5	7	7	6	8	9	10	9	11	14	25
CAGCTAAGTACCTACA-1-Human_colon_16S8159182	5	8	9	10	12	16	16	16	18	20	22	22	26	32	43
CAGCTGGGTAGCTGCC-1-Human_colon_16S8159184	6	9	11	12	15	19	20	20	22	25	27	29	33	39	51
CAGGTGCAGTGAACAT-1-Human_colon_16S7985394	8	16	22	26	33	34	40	44	46	47	50	55	63	71	100
CAGGTGCGTTCACCTC-1-Human_colon_16S8159189	6	9	11	13	42	43	49	54	69	68	74	78	90	102	141
CAGGTGCTCCGGCACA-1-Human_colon_16S7985391	10	21	31	42	54	60	70	79	89	95	106	113	126	136	196
CAGTAACTCTGGTATG-1-FCA_gut8015060	9	20	27	36	47	52	61	69	79	83	91	97	110	121	197
CATATGGGTCCGAAGA-1-Human_colon_16S8159188	6	18	24	30	43	44	54	60	70	71	76	82	95	105	149
CATATGGTCACAGTAC-1-Human_colon_16S7985389	6	9	11	13	42	43	49	54	69	68	74	78	90	102	141
CATATTCCAGACAGGT-1-Human_colon_16S7985393	8	18	24	30	43	44	50	60	66	66	71	77	94	103	154
CATATTCCATCACCCT-1-Human_colon_16S8159183	6	18	25	34	41	45	52	61	68	69	77	81	93	101	135
CATATTCCATCTATGG-1-Human_colon_16S8159190	6	9	11	13	42	43	49	54	69	68	74	78	90	102	141
CATCAAGAGGAGCGAG-1-Human_colon_16S8159189	8	17	23	29	36	37	43	48	52	53	57	62	71	80	112
CATCAAGTCCAGGGCT-1-Human_colon_16S8159182	10	21	31	42	54	60	70	79	89	95	106	113	126	136	196
CATCCACGTCGAATCT-1-Human_colon_16S7985393	8	15	19	26	29	31	36	39	60	61	67	72	82	91	122
CATCGAAGTCCTCCAT-1-FCA_gut8015057	5	16	21	24	27	30	34	37	39	42	45	49	65	73	94
CATCGAATCTTGCCGT-1-Human_colon_16S8159182	8	17	23	28	34	35	41	46	50	51	54	59	68	77	109
CATCGGGCAAGTCTGT-1-Human_colon_16S7985389	5	16	21	24	27	30	34	37	39	42	45	49	65	73	104
CATCGGGGTCTAAACC-1-Human_colon_16S8159189	10	21	30	40	53	58	69	76	86	92	102	108	121	132	186
CATCGGGGTTGTCGCG-1-Human_colon_16S8159187	5	16	22	27	31	32	38	41	47	48	51	56	64	74	99
CATGACAAGCTCCTCT-1-Human_colon_16S8159190	6	9	11	13	17	20	23	25	26	29	31	33	38	46	58
CATGACACACATCCAA-1-Human_colon_16S8159190	8	18	24	30	43	44	54	60	70	71	76	82	95	105	150
CATGACATCACTCCTG-1-Human_colon_16S8159187	8	15	19	26	29	31	36	39	60	61	67	72	82	91	124
CATGCCTCATATGGTC-1-Human_colon_16S8159182	5	16	21	27	32	33	39	43	45	46	49	53	61	69	102
CATGGCGTCACTATTC-1-Human_colon_16S8159189	6	9	11	13	17	20	21	54	62	63	68	74	86	94	128
CATGGCGTCCTGCAGG-1-Human_colon_16S8159182	8	15	19	32	40	41	47	52	58	59	64	70	84	106	155
CATTATCCAGGCTGAA-1-Human_colon_16S7985393	5	16	22	27	31	32	38	44	47	48	51	56	64	74	100
CATTATCGTTAAGGGC-1-Human_colon_16S8159188	6	11	14	16	20	22	25	27	29	32	35	38	43	52	65
CATTATCTCGCCTGTT-1-Human_colon_16S8159190	8	15	19	32	39	39	48	53	59	62	66	73	85	92	160
CATTCGCGTCTCTTTA-1-Human_colon_16S8159182	1	1	2	3	4	5	5	4	6	7	7	6	6	8	19
CATTCGCTCTATGTGG-1-Human_colon_16S8159183	10	21	30	40	53	58	69	76	86	92	102	108	121	132	186
CCAATCCAGTTTAGGA-1-Human_colon_16S8159182	1	1	1	1	1	1	3	1	1	3	2	2	2	3	4
CCAATCCCAAATCCGT-1-Human_colon_16S8159187	8	17	23	28	34	35	41	45	48	49	52	57	66	75	105
CCAATCCCACTTAACG-1-Human_colon_16S7985389	10	21	31	42	54	60	70	79	89	95	106	113	126	136	196
CCAATCCCAGGTCGTC-1-Human_colon_16S8159182	8	18	24	30	43	44	54	60	70	71	76	82	94	105	147
CCAATCCTCAAACGGG-1-FCA_gut8015058	1	1	2	3	5	7	7	6	8	9	11	10	12	15	26
CCAATCCTCGGCGCAT-1-Human_colon_16S7985389	8	16	22	26	33	34	40	44	46	47	50	55	63	71	92
CCACCTACAAGGGTCA-1-Human_colon_16S8159188	8	18	24	30	43	44	50	60	66	66	71	77	94	103	154
CCACGGACACCGAATT-1-Human_colon_16S7985393	7	12	15	17	22	24	28	30	32	35	38	41	47	56	73
CCACGGAGTTGCCTCT-1-Human_colon_16S8159182	10	21	31	42	54	60	70	79	89	95	106	112	126	136	198
CCACGGATCACTTATC-1-Human_colon_16S8159188	8	15	24	32	40	41	47	52	58	59	64	70	95	106	157
CCACTACAGAGTTGGC-1-Human_colon_16S8159188	6	18	25	34	41	45	53	59	64	64	69	75	87	96	149
CCACTACGTGTTCGAT-1-Human_colon_16S8159188	5	16	22	27	31	32	38	41	47	48	51	56	65	74	104
CCAGCGAAGGGCTTCC-1-FCA_gut8015060	9	20	27	36	47	51	60	68	78	81	89	94	107	118	173
CCAGCGAGTGATGCCC-1-Human_colon_16S7985389	8	16	22	26	33	34	40	44	46	47	50	55	63	71	88
CCAGCGATCGGCGGTT-1-Human_colon_16S7985392	8	18	24	30	43	44	54	60	70	71	76	82	95	105	150
CCATTCGAGCGCTCCA-1-Human_colon_16S8159190	8	15	19	32	39	39	48	53	59	62	66	73	85	92	160
CCATTCGGTAAGGGCT-1-Human_colon_16S8159190	5	16	21	24	27	30	34	37	39	42	45	49	65	73	98
CCATTCGGTCATGCAT-1-Human_colon_16S8159187	1	1	2	3	5	7	7	6	8	9	11	10	12	15	26
CCCAATCAGTTAGGTA-1-Human_colon_16S7985389	8	15	19	26	29	31	36	39	60	61	67	72	82	91	122
CCCAATCTCCAAGCCG-1-Human_colon_16S7985393	8	15	19	32	40	41	47	52	58	59	64	70	84	106	155
CCCAGTTGTCACAAGG-1-Human_colon_16S8159182	8	15	19	32	40	41	47	52	58	59	64	70	84	106	155
CCCAGTTTCTCTAAGG-1-Human_colon_16S8159185	10	21	30	40	53	58	69	76	86	92	102	108	121	132	186
CCCATACAGGCTAGAC-1-Human_colon_16S7985389	5	16	21	24	27	30	34	37	39	42	45	49	65	73	95
CCCATACCAAGGACAC-1-Human_colon_16S7985395	9	20	27	36	46	49	58	65	75	77	85	90	103	114	168
CCCTCCTCACGGTTTA-1-Human_colon_16S7985389	10	21	31	42	54	60	70	79	89	95	106	112	126	136	193
CCCTCCTGTTAGTGGG-1-Human_colon_16S8159187	6	9	11	13	42	43	49	54	69	68	74	78	90	102	142
CCGTACTCAGTCTTCC-1-Human_colon_16S8159187	9	20	27	36	47	51	60	67	77	80	88	93	106	117	171
CCTAAAGCAGTAGAGC-1-Human_colon_16S8159185	6	11	14	15	19	21	24	26	27	30	32	35	40	48	60
CCTACACCATATGGTC-1-Human_colon_16S7985390	1	1	1	1	1	1	3	1	1	3	2	2	2	3	4
CCTACCAAGAGGGCTT-1-Human_colon_16S7985390	7	12	15	17	21	23	26	28	30	33	36	39	45	54	71
CCTACCAAGGGAAACA-1-Human_colon_16S7985389	8	16	22	26	33	34	40	44	46	47	50	55	63	71	92
CCTACCACAGTTAACC-1-Human_colon_16S8159188	10	21	30	41	52	57	67	75	85	91	101	107	120	131	185
CCTACCATCGCGTAGC-1-Human_colon_16S8159187	10	22	32	44	56	62	73	83	93	100	111	119	133	143	206
CCTCAGTCATCCTTGC-1-Human_colon_16S7985394	8	15	19	32	39	39	48	53	59	62	66	73	85	92	160
CCTCAGTGTAGAGTGC-1-Human_colon_16S7985389	10	21	30	40	53	58	69	76	86	92	102	108	121	132	190
CCTCAGTGTATAGTAG-1-FCA_gut8015058	8	18	24	30	43	44	50	60	66	66	71	77	94	103	154
CCTCTGAAGCTGGAAC-1-Human_colon_16S7985393	8	15	19	32	40	41	47	52	58	59	64	70	84	106	155
CCTCTGAGTTACGACT-1-FCA_gut8015059	3	4	6	7	9	12	12	11	13	14	16	15	19	23	35
CCTTACGCATGCAACT-1-Human_colon_16S7985395	6	18	24	30	43	44	54	60	70	71	76	82	95	105	149
CCTTTCTCAGCTCGAC-1-Human_colon_16S8159188	8	15	19	32	40	41	47	52	58	59	64	70	84	106	156
CCTTTCTCATCACAAC-1-Human_colon_16S7985395	8	15	19	32	39	39	48	53	59	62	66	73	85	92	160
CCTTTCTTCAACCATG-1-FCA_gut8015059	1	1	3	4	6	8	8	7	9	10	12	11	13	17	29
CGAACATGTTCGCGAC-1-Human_colon_16S8159187	8	15	19	32	39	39	48	53	59	62	66	73	85	92	160
CGAACATTCAACACAC-1-Human_colon_16S7985389	9	20	27	36	47	52	61	69	79	83	91	97	110	121	197
CGAATGTAGTCTCGGC-1-Human_colon_16S8159182	8	17	23	29	36	37	43	48	52	53	57	62	71	80	112
CGAATGTCACGTAAGG-1-Human_colon_16S7985395	6	18	25	34	41	45	53	59	64	64	69	75	87	96	149
CGAATGTCAGGCTGAA-1-Human_colon_16S8159184	6	9	11	13	17	20	23	25	26	29	31	33	38	46	58
CGACCTTCACATCCAA-1-FCA_gut8015057	8	17	23	28	34	35	41	45	48	49	52	57	66	75	105
CGACCTTGTAGATTAG-1-FCA_gut8015058	9	20	27	36	46	49	58	65	75	78	86	91	104	115	169
CGACCTTTCGGATGGA-1-Human_colon_16S8159190	6	9	11	13	17	20	22	24	25	28	30	32	37	44	140
CGAGCCACATGGGACA-1-Human_colon_16S7985389	1	1	1	2	3	4	4	3	4	4	4	3	3	4	10
CGAGCCACATTCGACA-1-Human_colon_16S8159183	8	15	19	26	29	31	36	39	60	61	67	72	82	91	122
CGATCGGTCAACGGCC-1-Human_colon_16S8159182	5	8	10	11	13	17	18	18	20	23	25	26	30	36	48
CGATCGGTCGTACGGC-1-FCA_gut8015058	6	18	25	34	41	45	52	61	68	69	77	81	93	101	136
CGATGGCTCCTGCTTG-1-Human_colon_16S7985389	6	11	14	16	20	22	25	27	29	32	34	37	42	51	63
CGATGTAAGATGCGAC-1-Human_colon_16S7985390	6	18	25	34	41	45	53	59	64	64	69	75	87	96	149
CGCCAAGCAAGCCATT-1-Human_colon_16S8159187	1	1	1	2	3	4	4	3	4	4	4	3	3	4	10
CGCCAAGCAGTGACAG-1-Human_colon_16S8159184	10	21	30	40	53	58	69	76	86	92	102	108	121	132	190
CGCCAAGGTATAGGGC-1-Human_colon_16S8159188	6	9	11	13	42	43	49	54	69	68	74	78	90	102	140
CGCCAAGGTTCGTCTC-1-Human_colon_16S7985394	8	15	19	26	29	31	36	39	60	61	67	72	82	91	122
CGCGGTACATGATCCA-1-Human_colon_16S7985389	1	1	1	2	3	4	4	3	4	4	4	3	3	4	10
CGCGTTTAGTTACCCA-1-Human_colon_16S7985393	7	12	15	17	21	23	26	28	30	33	36	39	45	54	69
CGCGTTTCATCCCATC-1-FCA_gut8015060	10	21	31	42	53	60	69	77	87	93	103	113	125	135	192
CGCTATCGTCTAGGTT-1-Human_colon_16S7985394	1	1	1	1	1	1	3	1	1	3	2	2	2	3	4
CGCTATCTCGGTCTAA-1-Human_colon_16S8159182	1	1	2	3	5	7	7	6	8	9	10	9	11	14	25
CGCTATCTCTACTATC-1-Human_colon_16S8159188	10	21	31	42	54	60	70	79	89	95	106	113	126	136	199
CGCTGGACATCTATGG-1-Human_colon_16S7985393	5	16	22	27	31	32	38	41	47	48	51	56	65	74	104
CGCTTCAAGAGCTGGT-1-Human_colon_16S8159187	10	21	30	40	53	58	69	76	86	92	102	108	121	132	186
CGCTTCAAGTACGTAA-1-Human_colon_16S8159190	9	19	26	35	45	48	57	64	74	76	83	88	101	112	166
CGGACACGTGATGTCT-1-FCA_gut8015057	8	15	19	32	40	41	47	52	58	59	64	70	84	106	158
CGGACACTCACATAGC-1-Human_colon_16S7985389	8	17	23	29	36	37	44	49	54	55	59	65	74	83	116
CGGACGTTCGGAAATA-1-Human_colon_16S7985393	1	1	1	1	1	4	3	1	4	3	4	3	3	3	5
CGGACTGAGTGCCAGA-1-Human_colon_16S7985390	7	12	15	17	22	24	28	30	32	35	38	41	47	56	73
CGGACTGCAGCCTTTC-1-Human_colon_16S7985393	1	1	1	2	3	4	4	3	4	4	4	3	3	4	11
CGGAGCTAGGCCCTTG-1-Human_colon_16S8159188	5	16	22	27	31	32	38	41	47	48	51	56	65	74	101
CGGAGCTGTCGCATCG-1-Human_colon_16S7985391	8	15	19	26	29	31	36	39	60	61	67	72	82	91	124
CGGAGCTTCGGACAAG-1-Human_colon_16S8159187	10	21	31	42	54	60	70	79	89	95	106	112	126	136	193
CGGAGTCAGTCATCCA-1-Human_colon_16S8159183	10	21	30	41	52	57	67	75	85	91	101	107	120	131	185
CGGCTAGCAGCGTTCG-1-Human_colon_16S8159190	6	18	24	30	43	44	54	60	70	71	76	82	95	105	149
CGGGTCACAGGTTTCA-1-Human_colon_16S8159190	1	1	1	2	3	4	4	3	4	4	4	3	3	4	11
CGGGTCAGTAGCTAAA-1-Human_colon_16S7985389	8	17	23	28	35	36	42	47	51	52	55	60	69	78	110
CGGGTCATCTTGCAAG-1-Human_colon_16S8159184	5	16	22	27	31	32	38	41	47	48	51	56	64	74	99
CGGTTAAGTAGAGTGC-1-Human_colon_16S7985391	8	16	22	26	33	34	40	44	46	47	50	55	63	71	92
CGTAGCGCATCTATGG-1-Human_colon_16S7985393	1	1	1	2	3	4	4	3	4	4	4	3	3	4	10
CGTAGCGGTCCTGCTT-1-FCA_gut8015060	9	20	27	36	47	52	61	69	79	82	90	96	109	120	174
CGTAGCGTCGATGAGG-1-Human_colon_16S8159182	1	1	1	1	1	3	3	2	3	2	1	1	1	1	3
CGTCACTTCGAGGTAG-1-Human_colon_16S7985389	5	16	22	27	31	32	38	41	47	48	51	56	64	74	103
CGTCAGGGTCTCCATC-1-Human_colon_16S7985389	8	17	23	28	34	35	41	45	48	49	52	57	66	75	106
CGTCAGGTCAACCATG-1-Human_colon_16S7985390	7	12	15	17	21	23	26	28	30	33	36	39	45	54	66
CGTCCATAGTGGTAGC-1-Human_colon_16S8159184	8	18	24	30	43	44	50	60	66	66	71	77	94	103	154
CGTCCATCACGGTGTC-1-Human_colon_16S8159182	1	1	2	3	4	5	5	4	5	5	5	4	4	6	17
CGTCTACCAGTACACT-1-Human_colon_16S8159188	8	18	24	30	43	44	50	60	66	66	71	77	94	103	154
CGTGAGCGTACGCACC-1-Human_colon_16S8159187	8	15	19	32	39	39	48	53	59	62	66	73	85	92	160
CGTGAGCGTCCGAATT-1-Human_colon_16S7985393	10	21	31	42	54	60	70	79	89	95	106	112	126	136	193
CGTGAGCGTGTCAATC-1-Human_colon_16S8159187	9	20	27	36	47	51	60	68	78	81	89	95	108	119	173
CGTGTCTAGAGACTTA-1-Human_colon_16S8159190	6	18	25	34	41	45	52	61	68	69	77	81	93	101	136
CGTGTCTTCCTTGACC-1-Human_colon_16S8159188	6	9	11	13	17	20	21	54	62	63	68	74	86	94	142
CGTTCTGAGGCACATG-1-FCA_gut8015058	7	12	15	17	22	24	28	31	33	36	39	42	48	57	74
CGTTCTGTCAACACAC-1-Human_colon_16S8159187	10	21	31	42	54	60	70	79	89	95	106	113	126	136	194
CGTTGGGAGGACACCA-1-Human_colon_16S8159188	10	21	30	40	53	58	69	76	86	92	102	108	121	132	189
CGTTGGGCATCAGTAC-1-Human_colon_16S7985393	5	16	21	24	27	30	34	37	39	42	45	49	65	73	98
CTAAGACCAACACGCC-1-Human_colon_16S8159188	5	16	21	24	27	30	34	37	39	42	45	49	65	73	95
CTAAGACCACCAGATT-1-Human_colon_16S7985392	8	18	24	30	43	44	54	60	70	71	76	82	95	105	150
CTAAGACCAGTTTACG-1-Human_colon_16S8159190	9	19	26	35	45	48	57	64	74	76	84	89	102	113	167
CTAAGACGTCTGGTCG-1-Human_colon_16S7985393	1	1	1	1	1	4	3	1	4	3	4	3	3	3	3
CTAAGACGTTAGATGA-1-Human_colon_16S8159189	7	12	15	17	21	23	26	28	30	33	36	39	45	54	68
CTAAGACTCACCTCGT-1-Human_colon_16S8159190	5	16	22	27	31	32	38	41	47	48	51	56	64	74	101
CTAATGGAGCGCCTCA-1-Human_colon_16S8159187	8	17	23	29	36	37	44	49	54	55	59	64	73	82	116
CTAATGGAGTGTCCCG-1-Human_colon_16S7985393	8	16	22	26	33	34	40	44	46	47	50	55	63	71	92
CTAATGGCATCAGTCA-1-FCA_gut8015059	1	1	2	3	5	7	7	6	8	9	11	10	12	15	26
CTACACCCACATCCAA-1-Human_colon_16S8159188	1	1	1	1	3	4	3	1	4	3	4	3	3	3	15
CTACACCGTCCAGTGC-1-Human_colon_16S7985394	1	1	1	1	1	4	3	1	4	3	4	3	3	3	2
CTACACCGTTAAAGTG-1-Human_colon_16S8159182	9	19	26	35	44	47	56	63	73	75	82	87	100	111	165
CTACACCGTTCACCTC-1-Human_colon_16S7985393	6	18	25	34	41	45	52	61	68	69	77	81	93	101	135
CTACATTCACCAACCG-1-Human_colon_16S8159190	8	17	23	28	34	35	41	46	50	51	54	59	68	77	109
CTACATTTCAGCCTAA-1-Human_colon_16S8159188	4	5	7	8	10	13	13	13	15	16	18	18	22	26	37
CTACCCACAGCTGTGC-1-Human_colon_16S8159187	1	1	1	2	3	4	4	3	4	4	4	3	3	4	10
CTACCCACATCACGAT-1-Human_colon_16S8159183	1	1	1	1	1	1	3	1	1	3	2	2	2	3	7
CTACCCATCCAGATCA-1-Human_colon_16S8159183	8	15	19	32	40	41	47	52	58	59	64	70	84	106	155
CTACGTCGTTATGCGT-1-Human_colon_16S8159188	10	21	30	40	53	58	69	78	88	94	105	111	123	134	190
CTAGAGTCATGAGCGA-1-Human_colon_16S7985393	9	20	27	36	47	51	60	67	77	80	88	93	106	117	171
CTAGAGTGTCATATCG-1-Human_colon_16S8159190	8	16	22	26	33	34	40	44	46	47	50	55	63	71	100
CTAGAGTGTCTAAACC-1-Human_colon_16S7985395	10	22	32	44	57	64	75	85	96	103	114	123	137	147	210
CTAGTGAGTACAAGTA-1-Human_colon_16S8159187	5	16	22	27	31	32	38	41	47	48	51	56	64	74	99
CTAGTGAGTGGGTCAA-1-Human_colon_16S7985394	7	12	15	17	21	23	26	28	30	33	36	39	45	54	71
CTCAGAATCTGAGGGA-1-Human_colon_16S7985395	9	20	27	36	47	52	61	69	79	82	90	96	109	120	174
CTCATTAAGATCGGGT-1-FCA_gut8015060	10	21	31	42	54	60	70	79	89	95	106	113	126	136	195
CTCATTACATATACCG-1-Human_colon_16S7985393	1	1	1	1	1	1	3	1	1	3	2	2	2	3	4
CTCCTAGAGTATCGAA-1-Human_colon_16S8159190	8	15	19	32	40	41	47	52	58	59	64	70	84	106	155
CTCGAGGAGCCAGTTT-1-Human_colon_16S8159182	10	21	31	42	53	60	69	77	87	93	103	113	125	135	192
CTCGGGAAGATAGTCA-1-Human_colon_16S7985391	10	21	30	40	53	58	69	76	86	92	102	108	121	132	189
CTCGGGAAGCTTCGCG-1-Human_colon_16S7985393	5	16	21	24	27	30	34	37	39	42	45	49	65	73	98
CTCGGGAAGGAATCGC-1-Human_colon_16S7985394	7	12	15	17	21	23	26	28	30	33	36	39	45	54	68
CTCGGGACACACGCTG-1-Human_colon_16S7985389	5	8	9	10	12	16	17	17	19	21	23	24	28	34	45
CTCGGGACAGCTCGAC-1-Human_colon_16S7985393	10	21	30	40	53	58	69	78	88	94	105	111	123	134	190
CTCGGGAGTACTCGCG-1-Human_colon_16S8159183	8	17	23	29	36	37	43	48	52	53	57	62	71	80	112
CTCGTACGTCCAGTAT-1-Human_colon_16S8159187	5	16	21	24	27	30	34	37	39	42	45	49	65	73	93
CTCGTACTCGTAGATC-1-Human_colon_16S8159182	5	16	22	27	31	32	38	41	47	48	51	56	65	74	104
CTCGTCAGTATTAGCC-1-Human_colon_16S7985395	10	21	31	42	54	60	70	79	89	95	106	113	126	136	197
CTCGTCAGTCTTGTCC-1-Human_colon_16S7985390	8	18	24	30	43	44	54	60	70	71	76	82	95	105	157
CTCTACGTCACAACGT-1-Human_colon_16S7985389	8	17	23	28	34	35	41	45	48	49	52	57	66	75	106
CTCTACGTCTCAACTT-1-Human_colon_16S7985394	7	12	15	17	21	23	26	28	30	33	36	39	45	54	66
CTCTACGTCTGCAGTA-1-Human_colon_16S8159187	6	18	25	34	41	45	52	61	68	69	77	81	93	101	138
CTGAAGTAGCTCAACT-1-Human_colon_16S8159187	8	17	23	28	34	35	41	45	48	49	52	57	66	75	106
CTGAAGTGTCATATGC-1-Human_colon_16S7985389	5	16	22	27	31	32	38	41	47	48	51	56	64	74	99
CTGAAGTGTGACCAAG-1-Human_colon_16S8159189	6	9	11	13	42	43	49	54	69	68	74	78	90	102	142
CTGAAGTGTTTGGCGC-1-Human_colon_16S8159183	8	17	23	29	36	37	43	48	53	54	58	63	72	81	114
CTGAAGTTCGGCATCG-1-Human_colon_16S8159187	9	19	26	35	44	46	55	62	71	73	79	84	97	108	162
CTGATAGGTGTTCGAT-1-Human_colon_16S8159182	5	16	21	24	27	30	34	37	39	42	45	49	65	73	93
CTGATCCAGGCTAGAC-1-Human_colon_16S8159183	6	18	25	34	41	45	52	61	68	69	77	81	93	101	135
CTGATCCGTAACGTTC-1-Human_colon_16S8159188	6	9	11	13	42	43	49	54	69	68	74	78	90	102	141
CTGATCCGTTGCTCCT-1-Human_colon_16S8159182	1	1	1	2	3	4	4	3	4	4	4	3	3	4	10
CTGCCTAAGCTAGTTC-1-Human_colon_16S8159188	8	15	19	32	39	39	48	53	59	62	66	73	85	92	160
CTGCCTAGTGGTTTCA-1-Human_colon_16S7985390	1	1	2	3	5	7	7	6	8	9	11	10	12	15	26
CTGCCTATCTGCTTGC-1-Human_colon_16S7985389	8	15	19	32	39	39	48	53	59	62	66	73	85	92	160
CTGCGGAGTCTTCTCG-1-Human_colon_16S7985393	8	16	22	26	33	34	40	44	46	47	50	55	63	71	88
CTGCTGTAGTTAGGTA-1-Human_colon_16S8159188	6	9	11	13	42	43	49	54	69	68	74	78	90	102	142
CTGCTGTCAAGTCTAC-1-Human_colon_16S8159188	5	16	21	24	27	30	34	37	39	42	45	49	65	73	104
CTGGTCTTCACTTATC-1-FCA_gut8015058	10	21	30	40	53	58	69	76	86	92	102	108	121	132	189
CTGTGCTGTGTTGGGA-1-FCA_gut8015058	2	2	4	5	7	10	10	9	11	12	14	13	17	21	32
CTGTGCTGTTGACGTT-1-Human_colon_16S7985389	6	18	25	34	41	45	53	59	65	65	70	76	88	97	132
CTTAACTGTCTCACCT-1-Human_colon_16S8159182	5	16	21	24	27	30	34	37	39	42	45	49	65	73	93
CTTACCGAGTGAATTG-1-Human_colon_16S8159188	6	18	25	34	41	45	53	59	65	65	70	76	88	98	138
CTTACCGCAGACGCAA-1-Human_colon_16S7985393	8	15	19	32	39	39	48	53	59	62	66	73	85	92	160
CTTACCGGTACTCTCC-1-Human_colon_16S8159182	10	22	32	44	57	63	74	84	95	102	113	122	136	146	209
CTTAGGAAGTCCATAC-1-Human_colon_16S7985394	8	15	19	32	40	41	47	52	58	59	64	70	84	106	159
CTTAGGACAGATTGCT-1-Human_colon_16S8159187	10	21	30	40	53	58	69	76	86	92	102	108	121	132	186
CTTAGGACAGGACCCT-1-Human_colon_16S7985389	5	16	21	24	27	30	34	37	39	42	45	49	65	73	95
CTTAGGATCGCTTGTC-1-Human_colon_16S7985393	6	18	24	30	43	44	54	60	70	71	76	82	95	105	151
CTTCTCTCATGGTCAT-1-Human_colon_16S7985394	1	1	1	2	3	4	4	3	4	4	4	3	3	4	10
CTTCTCTGTGTTTGTG-1-Human_colon_16S8159182	1	1	1	1	1	1	3	1	1	3	2	2	2	3	7
CTTCTCTTCAGAGCTT-1-Human_colon_16S8159182	6	18	25	34	41	45	52	61	68	69	77	81	93	101	138
CTTGGCTAGACAATAC-1-Human_colon_16S7985392	1	1	1	2	3	4	4	3	4	4	4	3	3	4	10
CTTGGCTAGCTGAAAT-1-Human_colon_16S8159182	5	16	22	27	31	32	38	41	47	48	51	56	64	74	99
CTTGGCTCAAGCGAGT-1-Human_colon_16S7985389	5	8	10	11	14	18	19	19	21	24	26	28	32	38	49
CTTGGCTGTGCTGTAT-1-Human_colon_16S8159187	8	17	23	29	36	37	43	48	52	53	57	62	71	80	113
CTTTGCGGTCAGCTAT-1-Human_colon_16S8159182	8	15	19	32	40	41	47	52	58	59	64	70	84	106	155
CTTTGCGTCAGGCCCA-1-Human_colon_16S8159182	6	9	11	12	15	19	20	20	22	25	27	29	33	39	51
CTTTGCGTCGACGGAA-1-Human_colon_16S7985395	5	8	9	10	12	15	15	15	17	19	21	21	25	29	40
GAAATGATCACGCGGT-1-Human_colon_16S8159183	6	18	25	34	41	45	52	61	68	69	77	81	93	101	138
GAACATCAGATGTCGG-1-Human_colon_16S8159182	8	18	24	30	43	44	50	60	66	66	71	77	94	103	154
GAACATCAGCTAGCCC-1-Human_colon_16S7985394	7	12	15	17	21	23	26	28	30	33	36	39	45	54	68
GAACATCAGTTCGATC-1-Human_colon_16S7985391	9	20	27	36	47	52	61	69	79	82	90	96	109	120	174
GAACATCGTAAGGGAA-1-Human_colon_16S8159188	5	16	22	27	31	32	38	41	47	48	51	56	64	74	100
GAACCTACACGTTGGC-1-Human_colon_16S7985390	8	18	24	30	43	44	50	60	66	66	71	77	94	103	150
GAACCTAGTGCATCTA-1-Human_colon_16S8159190	8	16	22	26	33	34	40	44	46	47	50	55	63	71	126
GAACGGAAGACCCACC-1-Human_colon_16S7985394	10	22	32	44	56	62	73	83	94	101	112	120	134	144	207
GAACGGAAGGCATGGT-1-Human_colon_16S8159187	10	21	31	42	54	60	70	79	89	95	106	112	126	136	193
GAACGGAAGTCCGGTC-1-Human_colon_16S7985389	8	17	23	28	34	35	41	45	48	49	52	57	66	75	106
GAACGGACACCCTATC-1-Human_colon_16S8159188	8	15	19	26	39	39	48	53	60	62	67	73	85	92	126
GAACGGAGTTCAGTAC-1-Human_colon_16S7985394	6	18	25	34	41	45	52	61	68	69	77	81	93	101	153
GAACGGAGTTTAGCTG-1-Human_colon_16S7985393	6	18	25	34	41	45	52	61	68	69	77	81	93	101	153
GAATAAGGTACTTGAC-1-FCA_gut8015058	9	20	27	36	47	52	61	69	79	82	90	96	109	120	174
GAATAAGGTCTGCCAG-1-Human_colon_16S8159188	8	17	23	28	34	35	41	46	50	51	54	59	68	77	109
GAATGAAAGAGATGAG-1-Human_colon_16S8159190	6	9	11	12	15	19	20	21	23	26	28	30	34	40	129
GACACGCCATCACAAC-1-Human_colon_16S8159187	10	21	31	42	54	60	70	79	89	95	106	113	126	136	195
GACAGAGAGCGCCTCA-1-Human_colon_16S7985390	1	1	2	3	5	6	6	5	7	8	9	8	9	12	24
GACAGAGGTGAGGGAG-1-Human_colon_16S7985393	8	18	24	30	43	44	50	60	66	66	71	77	94	103	154
GACCAATTCCAACCAA-1-Human_colon_16S7985392	8	15	19	32	39	39	48	53	59	62	66	73	85	92	160
GACCTGGAGACGCTTT-1-FCA_gut8015060	6	9	11	13	42	43	49	54	69	68	74	78	90	102	141
GACCTGGCATCGGAAG-1-Human_colon_16S7985393	8	16	22	26	33	34	40	44	46	47	50	55	63	71	126
GACGCGTCAGCTCCGA-1-Human_colon_16S8159188	9	20	27	36	46	49	58	65	75	77	85	90	103	114	168
GACGCGTGTCGCCATG-1-Human_colon_16S7985389	1	1	1	2	3	4	4	3	4	4	4	3	3	4	94
GACTACAAGAATTGTG-1-Human_colon_16S8159184	5	16	21	24	27	30	34	37	39	42	45	49	65	73	93
GACTACAAGTCGTACT-1-Human_colon_16S8159182	7	12	15	17	21	23	26	28	30	33	36	39	45	54	66
GACTACACACTTAACG-1-Human_colon_16S8159187	8	15	19	32	39	39	48	53	59	62	66	73	85	92	160
GACTACACATGCATGT-1-Human_colon_16S7985393	6	18	25	34	41	45	52	61	68	69	77	81	93	101	136
GACTGCGTCGAATCCA-1-Human_colon_16S8159187	6	18	25	34	41	45	52	61	68	69	77	81	93	101	136
GAGCAGAAGGTGTTAA-1-Human_colon_16S8159189	8	17	23	28	34	35	41	46	50	51	54	59	68	77	109
GAGCAGAAGTACACCT-1-Human_colon_16S7985391	8	15	19	26	29	31	36	39	60	61	67	72	82	91	124
GAGCAGACAATGAAAC-1-Human_colon_16S7985389	8	17	23	28	35	36	42	47	51	52	56	61	70	79	111
GAGGTGACAAAGAATC-1-Human_colon_16S7985393	7	12	15	17	21	23	26	28	30	33	36	39	45	54	68
GAGTCCGCACTAAGTC-1-FCA_gut8015057	6	18	25	34	41	45	52	61	68	69	77	81	93	101	135
GAGTCCGCAGCTGTAT-1-Human_colon_16S7985389	10	21	31	43	55	61	71	80	90	96	107	114	127	137	200
GAGTCCGGTTTCCACC-1-Human_colon_16S8159183	10	21	31	42	54	60	70	79	89	95	106	113	126	136	194
GAGTCCGTCTATGTGG-1-Human_colon_16S8159187	10	21	31	42	54	60	70	79	89	95	106	112	126	136	193
GATCAGTAGAATCTCC-1-Human_colon_16S7985391	7	12	15	17	21	23	26	28	30	33	36	39	45	54	68
GATCAGTCACATCCAA-1-Human_colon_16S8159188	6	9	11	13	17	20	21	54	62	63	68	74	86	94	129
GATCGATAGGACATTA-1-Human_colon_16S7985389	1	1	1	2	3	4	4	3	4	4	4	3	3	4	94
GATCGATGTCCAAGTT-1-Human_colon_16S7985393	8	16	22	26	33	34	40	44	46	47	50	55	63	71	103
GATCGCGTCTGCGTAA-1-Human_colon_16S8159189	8	17	23	28	34	35	41	45	48	49	52	57	66	75	105
GATCGTAAGCGTTTAC-1-Human_colon_16S7985393	1	1	1	2	3	4	4	3	4	4	4	3	3	4	10
GATCGTAAGTAGTGCG-1-Human_colon_16S7985389	6	18	24	30	43	44	54	60	70	71	76	82	95	105	147
GATCGTACAGCCAGAA-1-Human_colon_16S7985389	8	15	19	32	39	39	48	53	59	62	66	73	85	92	160
GATCGTAGTGCACTTA-1-Human_colon_16S8159188	1	1	2	3	4	5	5	4	5	6	6	5	5	7	18
GATCGTATCACCATAG-1-Human_colon_16S8159187	8	18	24	30	43	44	50	60	66	66	71	77	94	103	150
GATCTAGAGTTCCACA-1-Human_colon_16S8159187	6	18	25	34	41	45	52	61	68	69	77	81	93	101	153
GATCTAGGTAATCGTC-1-Human_colon_16S7985392	5	16	22	27	31	32	38	41	47	48	51	56	64	74	99
GATGAAACACAGGTTT-1-FCA_gut8015060	10	21	31	42	54	60	70	79	89	95	106	113	126	136	196
GATGAAATCAGGCAAG-1-Human_colon_16S8159184	6	9	11	13	17	20	21	23	24	27	29	31	35	41	55
GATGAGGAGGCATGGT-1-Human_colon_16S7985389	8	16	22	26	33	34	40	44	46	47	50	55	63	71	92
GATGAGGGTCCAGTGC-1-Human_colon_16S7985393	1	1	1	2	3	4	4	3	4	4	4	3	3	4	10
GATGAGGTCCCTCTTT-1-Human_colon_16S8159190	6	18	25	34	41	45	53	59	64	64	69	75	87	96	149
GATGCTAAGAAACCGC-1-Human_colon_16S7985389	7	12	15	17	21	23	26	28	30	33	36	39	45	54	70
GATGCTACAGATGGGT-1-Human_colon_16S8159190	6	18	25	34	41	45	52	61	68	69	77	81	93	101	153
GATGCTATCGACAGCC-1-Human_colon_16S8159187	8	17	23	29	36	37	43	48	52	53	57	62	71	80	113
GCAAACTCACACGCTG-1-Human_colon_16S7985389	8	15	19	26	29	31	36	39	60	61	67	72	82	91	124
GCAAACTCACAGACAG-1-Human_colon_16S7985389	5	16	21	24	27	30	34	37	39	42	45	49	65	73	93
GCAATCAAGTGAACAT-1-Human_colon_16S8159188	6	9	11	13	42	43	49	54	69	68	74	78	90	102	142
GCAATCATCACAGGCC-1-FCA_gut8015060	7	12	15	17	22	24	28	31	33	36	39	42	48	57	74
GCACATAAGAAACCGC-1-Human_colon_16S8159187	10	22	32	44	56	62	72	81	91	98	109	116	129	139	203
GCACATAAGGAGTTGC-1-Human_colon_16S8159187	1	1	1	2	3	4	4	3	4	4	4	3	3	4	94
GCACATATCGGCGGTT-1-Human_colon_16S8159188	6	11	14	16	20	22	25	27	29	32	34	37	42	51	63
GCACTCTCAAGTCATC-1-Human_colon_16S8159190	6	18	25	34	41	45	52	61	68	69	77	81	93	101	135
GCACTCTGTTCGGCAC-1-Human_colon_16S8159182	8	17	23	29	36	37	43	48	52	53	57	62	71	80	112
GCACTCTTCAGTGCAT-1-Human_colon_16S7985393	6	18	25	34	41	45	52	61	68	69	77	81	93	101	153
GCAGTTAGTAGCCTCG-1-Human_colon_16S8159183	6	9	11	12	15	19	20	20	22	25	27	29	33	39	50
GCATACAAGGACACCA-1-Human_colon_16S7985393	8	15	19	32	40	41	47	52	58	59	64	70	84	106	155
GCATACACACAGACTT-1-Human_colon_16S7985393	6	9	11	13	42	43	49	54	69	68	74	78	90	102	140
GCATGATCATCACCCT-1-Human_colon_16S8159188	9	19	26	35	45	48	57	64	74	76	84	89	102	113	167
GCATGCGAGCGATAGC-1-Human_colon_16S8159188	6	18	25	34	41	45	52	61	68	69	77	81	93	101	135
GCATGCGAGTGACATA-1-Human_colon_16S7985395	7	12	15	17	21	23	26	28	30	33	36	39	45	54	66
GCATGCGTCCACGTTC-1-Human_colon_16S7985391	8	17	23	28	34	35	41	45	48	49	52	57	66	75	106
GCCAAATAGTGGGATC-1-Human_colon_16S7985393	8	15	19	32	40	41	47	52	58	59	64	70	84	106	155
GCCTCTAAGACAGAGA-1-Human_colon_16S8159187	6	18	24	30	43	44	54	60	70	71	76	82	95	105	151
GCCTCTACAGTATCTG-1-Human_colon_16S8159183	9	20	27	36	47	52	61	69	79	82	90	96	109	120	174
GCGACCAAGATAGGAG-1-FCA_gut8015058	5	8	9	10	12	15	15	15	17	18	20	20	24	28	39
GCGACCAAGTGGTCCC-1-Human_colon_16S8159187	9	20	27	36	46	50	59	66	76	79	87	92	105	116	170
GCGACCAGTTGATTCG-1-Human_colon_16S8159187	1	1	1	2	3	4	4	3	4	4	4	3	3	4	94
GCGACCATCTCGTATT-1-Human_colon_16S7985389	1	1	1	1	1	4	3	1	4	3	4	3	3	3	3
GCGAGAAAGAATGTGT-1-Human_colon_16S7985389	9	19	26	35	44	47	56	63	72	74	81	86	99	110	164
GCGCAACCAATGGATA-1-Human_colon_16S8159183	8	15	19	26	29	31	37	40	43	45	48	52	60	68	85
GCGCAGTTCATCATTC-1-Human_colon_16S8159184	9	20	27	36	47	52	61	69	79	82	90	96	109	120	174
GCGCAGTTCTTCGAGA-1-Human_colon_16S7985389	1	1	1	1	1	4	3	1	4	3	4	3	3	3	2
GCGCCAAAGGAGCGTT-1-Human_colon_16S8159190	10	21	31	42	54	60	70	79	89	95	106	113	126	136	196
GCGCCAAGTGCACTTA-1-Human_colon_16S8159183	6	9	11	13	42	43	49	54	69	68	74	78	90	102	141
GCGCGATTCTTAGAGC-1-Human_colon_16S7985390	5	8	9	10	12	16	17	17	19	22	24	25	29	35	46
GCGGGTTGTTCTGTTT-1-Human_colon_16S8159182	5	16	21	24	27	30	34	37	39	42	45	49	65	73	98
GCTCCTATCACCCGAG-1-Human_colon_16S8159187	7	12	15	17	21	23	26	28	30	33	36	39	45	54	70
GCTCCTATCCGCGTTT-1-Human_colon_16S7985389	1	1	1	1	1	4	3	1	4	3	4	3	3	3	3
GCTCTGTGTGGCCCTA-1-Human_colon_16S7985393	8	15	19	32	39	39	48	53	59	62	66	73	85	92	160
GCTGCAGCAAAGTGCG-1-Human_colon_16S8159187	6	18	25	34	41	45	53	59	64	64	69	75	87	96	149
GCTGCAGGTCTCCATC-1-Human_colon_16S8159187	10	21	31	42	53	60	69	77	87	93	103	113	125	135	192
GCTGCAGGTGGTTTCA-1-Human_colon_16S8159190	6	18	24	34	43	45	54	61	70	71	77	82	95	105	153
GCTGCAGTCGTACGGC-1-Human_colon_16S7985393	8	16	22	26	33	34	40	44	46	47	50	55	63	71	92
GCTGCAGTCTTAGCCC-1-FCA_gut8015059	9	20	27	36	47	51	60	67	77	80	88	93	106	117	171
GCTGCGAAGTCCTCCT-1-FCA_gut8015057	8	16	22	26	33	34	40	44	46	47	50	55	63	71	103
GCTGCGATCAGGTAAA-1-Human_colon_16S8159188	8	15	19	32	39	39	48	53	59	62	66	73	85	92	160
GCTGGGTTCTATCGCC-1-Human_colon_16S8159187	8	16	22	26	33	34	40	44	46	47	50	55	63	71	126
GCTTCCAGTCTAACGT-1-Human_colon_16S8159190	6	9	11	12	15	19	20	21	23	26	28	30	34	40	129
GCTTCCATCGCCTGTT-1-Human_colon_16S8159189	6	9	11	13	17	20	21	23	24	27	29	31	35	41	55
GGAAAGCGTTTGTGTG-1-Human_colon_16S7985394	1	1	1	1	1	1	3	1	1	3	2	2	2	3	4
GGAACTTTCACCGTAA-1-Human_colon_16S8159187	1	1	1	2	3	4	4	3	4	4	4	3	3	4	14
GGAATAATCTCCAACC-1-Human_colon_16S8159188	6	18	24	30	43	44	54	60	70	71	76	82	95	105	151
GGACAAGCAATCCGAT-1-Human_colon_16S8159187	8	15	24	31	38	38	45	50	56	57	62	68	78	87	157
GGACAAGCAGGACGTA-1-Human_colon_16S8159190	6	9	11	13	17	20	21	54	62	63	68	74	86	95	142
GGACAAGTCAGTGCAT-1-FCA_gut8015059	10	21	31	42	54	60	70	79	89	95	106	113	126	136	195
GGACAAGTCTCCAGGG-1-Human_colon_16S8159187	8	15	24	31	38	38	45	50	56	57	62	68	78	87	157
GGACAGAGTCGACTAT-1-Human_colon_16S8159187	1	1	1	1	1	1	3	1	1	3	2	2	2	3	7
GGACAGAGTTGTCTTT-1-Human_colon_16S8159184	5	16	21	24	27	30	34	37	39	42	45	49	65	73	93
GGACAGATCTGGCGAC-1-Human_colon_16S7985393	8	18	24	30	43	44	50	60	66	66	71	77	94	103	154
GGACATTAGGGTTCCC-1-Human_colon_16S8159183	6	9	11	13	17	20	23	25	26	29	31	33	38	46	58
GGACATTGTACCATCA-1-Human_colon_16S7985395	6	18	25	34	41	45	52	61	68	69	77	81	93	101	136
GGATGTTAGGTGGGTT-1-FCA_gut8015058	1	1	1	1	1	1	3	1	1	3	2	2	2	3	8
GGATGTTCAAGGACTG-1-Human_colon_16S8159182	1	1	3	4	6	9	9	8	10	11	13	12	15	19	31
GGATTACCATGCAACT-1-Human_colon_16S8159190	8	18	24	30	43	44	54	60	70	71	76	82	94	105	147
GGATTACGTCCAGTTA-1-Human_colon_16S8159188	10	22	32	44	56	62	72	82	92	99	110	117	131	141	205
GGCAATTCACAACTGT-1-Human_colon_16S8159190	8	18	24	30	43	44	50	60	66	66	71	77	94	103	154
GGCAATTTCTAACTTC-1-Human_colon_16S8159187	8	16	22	26	33	34	40	44	46	47	50	55	63	71	126
GGCAATTTCTACTATC-1-Human_colon_16S7985393	8	17	23	28	34	35	41	45	48	49	52	57	66	75	105
GGCCGATAGTGTCCAT-1-Human_colon_16S7985394	1	1	1	1	1	4	3	1	4	3	4	3	3	3	2
GGCGACTCAGTACACT-1-Human_colon_16S8159187	6	9	11	13	17	20	23	25	26	29	31	33	38	46	58
GGCGACTGTCATGCCG-1-Human_colon_16S8159184	1	1	1	1	1	1	3	1	1	3	2	2	2	3	7
GGCGTGTCACGACTCG-1-Human_colon_16S8159187	10	21	31	42	54	60	70	79	89	95	106	113	126	136	196
GGCTCGAAGCGATAGC-1-Human_colon_16S7985393	8	15	19	32	40	41	47	52	58	59	64	70	84	106	155
GGCTCGAAGTGTACCT-1-Human_colon_16S8159182	8	17	23	28	34	35	41	45	48	49	52	57	66	75	105
GGCTCGAGTACCGAGA-1-Human_colon_16S8159182	10	21	31	42	54	60	70	79	89	95	106	113	126	136	196
GGCTGGTAGCCAGAAC-1-Human_colon_16S7985393	8	18	24	30	43	44	50	60	66	66	71	77	94	103	154
GGCTGGTTCACCGTAA-1-FCA_gut8015059	1	1	1	1	1	4	3	1	4	3	4	3	3	3	2
GGCTGGTTCATTCACT-1-Human_colon_16S8159187	1	1	2	3	5	7	7	6	8	9	10	9	11	14	25
GGCTGGTTCGGTTAAC-1-Human_colon_16S8159182	5	16	21	24	27	30	34	37	39	42	45	49	65	73	95
GGGAATGCATAAAGGT-1-FCA_gut8015059	7	12	15	17	21	23	26	28	30	33	36	39	45	54	69
GGGACCTCACGAAACG-1-Human_colon_16S8159187	6	18	25	34	41	45	52	61	68	69	77	81	93	101	153
GGGACCTCAGGTTTCA-1-Human_colon_16S7985393	6	18	24	30	43	44	54	60	70	71	76	82	95	105	147
GGGACCTTCGTTTAGG-1-Human_colon_16S8159188	6	18	25	34	41	45	52	61	68	69	77	81	93	101	143
GGGAGATAGGACAGCT-1-Human_colon_16S7985393	10	21	31	43	55	61	71	80	90	96	107	114	127	137	200
GGGAGATTCACGATGT-1-Human_colon_16S8159182	6	9	11	13	17	20	21	23	24	27	29	31	36	42	55
GGGATGACACTCAGGC-1-Human_colon_16S8159182	5	16	21	24	27	30	34	37	39	42	45	49	65	73	98
GGGCATCTCAACCAAC-1-Human_colon_16S7985389	5	16	22	27	31	32	38	41	47	48	51	56	64	74	99
GGGTCTGTCCGCAAGC-1-Human_colon_16S7985390	7	12	15	17	22	24	28	30	32	35	38	41	47	56	73
GGGTTGCAGATAGGAG-1-Human_colon_16S7985391	5	8	9	10	12	15	15	15	17	18	20	20	24	28	39
GGGTTGCAGTTGTAGA-1-Human_colon_16S8159183	1	1	1	2	3	4	4	3	4	4	4	3	3	4	15
GGGTTGCGTAGCCTCG-1-FCA_gut8015060	10	21	31	42	54	60	70	79	89	95	106	113	126	136	195
GGGTTGCGTCACACGC-1-Human_colon_16S8159182	1	1	1	1	1	1	3	1	1	3	2	2	2	3	4
GGTGAAGGTACGCTGC-1-Human_colon_16S7985394	1	1	1	2	3	4	4	3	4	4	4	3	3	4	10
GGTGAAGGTTGCCTCT-1-Human_colon_16S8159187	6	9	11	13	42	43	49	54	69	68	74	78	90	102	141
GGTGCGTCAACACCTA-1-Human_colon_16S8159184	8	18	24	30	43	44	50	60	66	66	71	77	94	103	154
GGTGCGTCAGAGCCAA-1-Human_colon_16S8159189	8	15	19	26	29	31	37	40	42	44	47	51	59	67	84
GGTGTTAAGAAGGTTT-1-Human_colon_16S7985390	7	12	15	17	21	23	26	28	30	33	36	39	45	54	71
GGTGTTAAGACGCAAC-1-Human_colon_16S7985394	8	15	19	32	39	39	48	53	59	62	66	73	85	92	160
GGTGTTAAGTGTACGG-1-Human_colon_16S8159182	6	11	14	16	20	22	25	27	29	32	35	38	44	53	65
GGTGTTATCCTGTAGA-1-FCA_gut8015060	7	12	15	18	23	26	30	33	35	38	41	45	51	60	77
GTAACGTAGCAGACTG-1-Human_colon_16S8159190	8	15	19	32	39	39	48	53	59	62	66	73	85	92	160
GTAACGTCACAGCGTC-1-FCA_gut8015058	10	21	31	42	54	60	70	79	89	95	106	112	126	136	198
GTAACGTCACGTGAGA-1-Human_colon_16S8159182	1	1	1	2	3	4	4	3	4	4	4	3	3	4	11
GTAACGTGTTTGGGCC-1-Human_colon_16S8159182	5	16	21	24	27	30	34	37	39	42	45	49	65	73	98
GTAACTGCAAAGAATC-1-Human_colon_16S8159188	8	17	23	28	34	35	41	45	48	49	52	57	66	75	106
GTAACTGCACATCCGG-1-Human_colon_16S7985391	1	1	2	3	4	5	5	4	6	7	8	7	7	9	21
GTAACTGTCAGTGTTG-1-Human_colon_16S7985389	9	20	27	36	47	51	60	67	77	80	88	93	106	117	171
GTACGTACAGCTGCAC-1-Human_colon_16S7985395	6	18	25	34	41	45	52	61	68	69	77	81	93	101	136
GTACGTAGTCATTAGC-1-Human_colon_16S8159188	5	16	22	27	31	32	38	41	47	48	51	56	65	74	104
GTACGTATCAGGCAAG-1-Human_colon_16S8159183	6	9	11	13	42	43	49	54	69	68	74	78	90	102	141
GTACTTTAGGGCTTCC-1-Human_colon_16S7985393	7	14	17	20	25	28	32	35	37	40	43	47	54	63	80
GTACTTTGTACATGTC-1-Human_colon_16S8159187	6	18	25	34	41	45	52	61	68	69	77	81	93	101	135
GTACTTTTCCCAACGG-1-Human_colon_16S8159182	6	9	13	14	42	43	49	56	69	70	75	79	92	100	134
GTAGGCCCACGACGAA-1-FCA_gut8015058	8	17	23	28	34	35	41	46	50	51	54	59	68	77	109
GTAGGCCCATTGAGCT-1-Human_colon_16S8159187	8	15	19	32	40	41	47	52	58	59	64	70	84	106	156
GTAGGCCGTCATATCG-1-Human_colon_16S7985394	7	12	15	17	21	23	26	28	30	33	36	39	45	54	70
GTAGGCCTCGCGATCG-1-Human_colon_16S8159182	8	17	23	29	36	37	43	48	52	53	57	62	71	80	112
GTAGGCCTCGGCGCAT-1-FCA_gut8015059	10	21	31	42	54	60	70	79	89	95	106	113	126	136	196
GTAGGCCTCTGATTCT-1-Human_colon_16S8159182	10	21	31	42	54	60	70	79	89	95	106	112	126	136	193
GTAGTCAGTACTTCTT-1-Human_colon_16S7985394	6	9	11	13	42	43	49	54	69	68	74	78	90	102	142
GTATCTTTCAGCATGT-1-Human_colon_16S7985394	8	18	24	30	43	44	50	60	66	66	71	77	94	103	154
GTATCTTTCATAAAGG-1-Human_colon_16S7985392	10	21	31	42	54	60	70	79	89	95	106	112	126	136	198
GTATTCTCACTGCCAG-1-Human_colon_16S8159188	8	16	22	26	33	34	40	44	46	47	50	55	63	71	88
GTATTCTCAGTCAGAG-1-Human_colon_16S7985394	1	1	1	1	1	4	3	1	4	3	4	3	3	3	5
GTATTCTGTTTAGGAA-1-Human_colon_16S7985390	8	17	23	29	36	37	43	48	52	53	57	62	71	80	113
GTCAAGTGTCAATACC-1-Human_colon_16S8159190	9	19	26	35	45	48	57	64	74	76	83	88	101	112	166
GTCACAAAGGGCTCTC-1-Human_colon_16S7985390	6	18	25	34	41	45	52	61	68	69	77	81	93	101	135
GTCACAAAGTCTTGCA-1-Human_colon_16S8159182	6	11	14	15	19	21	24	26	28	31	33	36	41	49	62
GTCACAACAGGGTATG-1-Human_colon_16S7985393	5	8	9	10	12	15	15	15	17	18	20	20	24	28	39
GTCACGGAGATCACGG-1-Human_colon_16S8159188	8	15	19	26	29	31	37	40	43	45	48	52	60	68	85
GTCACGGAGGTTCCTA-1-Human_colon_16S7985392	8	15	19	32	39	41	48	53	59	62	66	73	85	106	160
GTCACGGAGTCGAGTG-1-Human_colon_16S7985393	10	21	30	40	53	58	69	78	88	94	105	111	123	134	190
GTCACGGCAAGGGTCA-1-Human_colon_16S8159188	6	9	11	13	17	20	21	54	62	63	68	74	86	94	142
GTCACGGCATAGTAAG-1-Human_colon_16S8159188	1	1	1	1	1	1	3	1	1	3	2	2	2	3	4
GTCACGGTCTCCAGGG-1-Human_colon_16S7985391	6	18	25	34	41	45	52	61	68	69	77	81	93	101	135
GTCATTTAGGGATCTG-1-Human_colon_16S8159188	6	18	25	34	41	45	52	61	68	69	77	81	93	101	135
GTCATTTGTTGTCTTT-1-Human_colon_16S8159184	8	15	19	32	39	39	48	53	59	62	66	73	85	92	160
GTCATTTTCAGAGACG-1-Human_colon_16S7985393	1	1	2	3	5	7	7	6	8	9	11	10	12	15	26
GTCCTCAGTCTTGTCC-1-Human_colon_16S7985389	8	15	19	32	39	39	48	53	59	62	66	73	85	92	160
GTCCTCATCAATAAGG-1-Human_colon_16S8159187	7	12	15	17	21	23	26	28	30	33	36	39	45	54	68
GTCGGGTAGTCGTTTG-1-Human_colon_16S8159190	8	17	23	28	34	35	41	45	49	50	53	58	67	76	108
GTCGGGTCAATGAATG-1-Human_colon_16S7985391	5	16	21	24	27	30	34	37	39	42	45	49	65	73	94
GTCGGGTGTAACGTTC-1-Human_colon_16S7985393	9	20	28	37	48	53	62	70	80	84	93	99	112	123	177
GTCGGGTGTTACGCGC-1-Human_colon_16S8159182	6	18	25	34	41	45	52	61	68	69	77	81	93	101	135
GTCGTAATCGAGAGCA-1-Human_colon_16S7985394	8	15	19	32	39	39	48	53	59	62	66	73	85	92	160
GTCTCGTCACGACTCG-1-Human_colon_16S8159190	8	15	19	32	39	39	48	53	59	62	66	73	85	92	160
GTCTTCGAGTACACCT-1-Human_colon_16S7985389	5	16	21	24	27	30	34	37	39	42	45	49	65	73	93
GTCTTCGCAGTGACAG-1-Human_colon_16S7985389	5	16	21	27	32	33	39	43	45	46	49	54	62	70	87
GTCTTCGTCACCCGAG-1-Human_colon_16S8159184	9	19	26	35	45	48	57	64	74	76	83	88	101	112	166
GTGAAGGAGGTCGGAT-1-Human_colon_16S8159188	6	11	14	15	19	21	24	26	28	31	33	36	41	50	62
GTGAAGGCAGTTAACC-1-Human_colon_16S8159184	8	15	19	26	29	31	36	39	60	61	67	72	82	91	124
GTGAAGGGTCTCCCTA-1-Human_colon_16S8159184	8	15	19	32	40	41	47	52	58	59	64	70	84	106	155
GTGCATAAGTGCCAGA-1-Human_colon_16S7985390	1	1	1	1	1	1	3	1	1	3	2	2	2	3	8
GTGCGGTAGATCGATA-1-Human_colon_16S8159188	8	17	23	28	34	35	41	45	48	49	52	57	66	75	111
GTGCGGTCACCAACCG-1-Human_colon_16S7985394	1	1	1	2	3	4	4	3	4	4	4	3	3	4	11
GTGCGGTCAGTAACGG-1-Human_colon_16S8159183	10	21	30	40	53	58	69	76	86	92	102	108	121	132	186
GTGCTTCCACGCCAGT-1-Human_colon_16S8159182	8	15	19	32	40	41	47	52	58	59	64	70	84	106	155
GTGCTTCCACGTCTCT-1-FCA_gut8015058	10	21	30	40	53	58	69	77	87	93	104	110	122	133	189
GTGCTTCGTTGAACTC-1-Human_colon_16S8159190	6	18	24	30	43	44	54	60	70	71	76	82	95	105	147
GTGGGTCTCATCGCTC-1-Human_colon_16S7985389	6	18	24	30	43	44	54	60	70	71	76	82	95	105	148
GTGTGCGAGACACTAA-1-Human_colon_16S8159190	6	18	25	34	41	45	52	61	68	69	77	81	93	101	135
GTGTGCGTCACCATAG-1-Human_colon_16S8159184	8	15	24	32	40	41	47	52	58	59	64	70	95	106	157
GTGTTAGCACATAACC-1-Human_colon_16S7985391	6	18	24	30	43	44	54	60	70	71	76	82	95	105	151
GTGTTAGTCACTTACT-1-Human_colon_16S8159182	8	17	23	29	36	37	43	48	52	53	57	62	71	80	113
GTGTTAGTCTTAGAGC-1-Human_colon_16S7985393	8	15	19	26	29	31	36	39	60	61	67	72	84	91	156
GTTAAGCCATCCCACT-1-Human_colon_16S7985389	1	1	1	1	1	1	3	1	1	3	2	2	2	3	7
GTTAAGCGTACTCTCC-1-Human_colon_16S8159188	6	18	24	30	43	44	54	60	70	71	76	82	95	105	148
GTTACAGAGCCCAACC-1-Human_colon_16S8159183	6	9	11	13	17	20	21	54	62	63	68	74	86	94	128
GTTACAGCAGTCGTGC-1-Human_colon_16S8159188	6	18	25	34	41	45	52	61	68	69	77	81	93	101	153
GTTCATTCACTCTGTC-1-Human_colon_16S7985395	10	22	32	44	56	62	72	82	92	99	110	118	132	142	205
GTTCATTTCCTCTAGC-1-FCA_gut8015060	10	21	30	40	53	58	69	76	86	92	102	108	121	132	186
GTTCATTTCTGCTTGC-1-Human_colon_16S7985390	1	1	1	1	1	1	3	1	1	3	2	2	2	3	7
GTTCGGGAGACTTGAA-1-Human_colon_16S8159182	10	21	31	42	54	60	70	79	89	95	106	113	126	136	197
GTTCGGGTCCTCTAGC-1-Human_colon_16S7985389	8	15	19	32	39	39	48	53	59	62	66	73	85	92	160
GTTTCTACATTCCTCG-1-FCA_gut8015058	7	12	15	17	21	23	26	28	30	33	36	39	45	54	70
GTTTCTATCGCGATCG-1-Human_colon_16S8159187	10	22	32	44	56	62	72	81	91	98	109	116	130	140	203
TAAACCGAGACTGTAA-1-Human_colon_16S7985394	7	12	15	17	22	24	28	30	32	35	38	41	47	56	73
TAAACCGCAAGTAATG-1-FCA_gut8015057	8	17	23	29	36	37	43	48	52	53	57	62	71	80	113
TAAACCGGTGAGTGAC-1-Human_colon_16S8159187	1	1	1	1	1	4	3	1	4	3	4	3	3	3	3
TAAACCGGTGTTCTTT-1-Human_colon_16S7985391	10	21	31	42	54	60	70	79	89	95	106	113	126	136	194
TAAACCGTCTAACGGT-1-Human_colon_16S8159182	6	9	11	13	42	43	49	54	69	68	74	78	90	102	140
TAAGAGAAGTCATGCT-1-Human_colon_16S7985395	1	1	1	1	1	4	3	1	4	3	4	3	3	3	5
TAAGAGACATCTATGG-1-Human_colon_16S7985390	1	1	1	1	1	1	3	1	1	3	2	2	2	3	4
TAAGAGAGTCTGATCA-1-Human_colon_16S8159190	8	15	19	32	40	41	47	52	58	59	64	70	84	106	156
TAAGAGAGTGAACCTT-1-Human_colon_16S7985394	6	18	25	34	41	45	52	61	68	69	77	81	93	101	143
TAAGAGAGTGATAAAC-1-Human_colon_16S8159188	5	16	21	24	27	30	34	37	39	42	45	49	65	73	93
TAAGAGAGTTAGGGTG-1-Human_colon_16S8159188	8	15	19	32	40	41	47	52	58	59	64	70	84	106	156
TAAGAGATCATGGTCA-1-Human_colon_16S7985389	8	18	24	30	43	44	54	60	70	71	76	82	95	105	150
TAAGAGATCGTCACGG-1-Human_colon_16S8159182	1	1	3	4	6	8	8	7	9	10	12	11	14	18	29
TAAGCGTTCGCTAGCG-1-Human_colon_16S8159188	8	17	23	28	34	35	41	46	50	51	54	59	68	77	109
TAAGTGCCAAATTGCC-1-Human_colon_16S8159182	1	1	1	1	1	4	3	1	4	3	4	3	3	3	5
TAAGTGCGTGGCTCCA-1-Human_colon_16S7985391	8	15	19	32	39	39	48	53	59	62	66	73	85	92	160
TACACGACATGCAACT-1-Human_colon_16S7985394	5	16	21	24	27	30	34	37	39	42	45	49	65	73	98
TACACGAGTACGAAAT-1-Human_colon_16S7985394	5	16	21	24	27	30	34	37	39	42	45	49	65	73	94
TACAGTGAGAAGGGTA-1-Human_colon_16S8159182	5	8	10	11	13	17	18	18	20	23	25	27	31	37	48
TACAGTGGTGATAAGT-1-Human_colon_16S8159187	8	17	23	28	34	35	41	45	49	50	53	58	67	76	108
TACAGTGTCGCGTTTC-1-FCA_gut8015060	7	12	15	17	21	23	26	28	30	33	36	39	45	54	69
TACGGATCATTGTGCA-1-Human_colon_16S7985389	10	21	31	42	53	60	69	77	87	93	103	113	125	135	192
TACGGATTCTGCTGTC-1-Human_colon_16S8159190	6	9	11	13	42	43	49	54	69	68	74	78	90	102	141
TACGGTACATCTACGA-1-Human_colon_16S8159188	5	16	22	27	31	32	38	41	47	48	51	56	64	74	99
TACGGTAGTTCCGTCT-1-Human_colon_16S7985389	8	17	23	29	36	37	43	48	52	53	57	62	71	80	113
TACTCATCACGTAAGG-1-FCA_gut8015057	5	16	21	24	27	30	34	37	39	42	45	49	65	73	104
TACTCATTCACTATTC-1-FCA_gut8015059	8	17	23	28	34	35	41	45	48	49	52	57	66	75	105
TACTCGCTCCTCCTAG-1-FCA_gut8015060	3	4	6	7	9	12	12	11	13	14	16	16	20	24	35
TACTCGCTCCTTGGTC-1-FCA_gut8015060	1	1	1	1	1	4	3	1	4	3	4	3	3	3	2
TACTTACGTGAGGGTT-1-Human_colon_16S7985392	5	16	21	24	27	30	34	37	39	42	45	49	65	73	96
TACTTGTCAAAGTGCG-1-Human_colon_16S8159190	8	15	19	32	40	41	47	52	58	59	64	70	84	106	155
TAGACCAGTCTTGCGG-1-Human_colon_16S8159182	8	16	22	26	33	34	40	44	46	47	50	55	63	71	88
TAGAGCTGTAGAGGAA-1-Human_colon_16S7985393	8	16	22	26	33	34	40	44	46	47	50	55	63	71	88
TAGAGCTTCGACCAGC-1-Human_colon_16S8159188	8	17	23	29	36	37	44	49	54	55	59	64	73	82	116
TAGCCGGCATGGGAAC-1-Human_colon_16S8159190	8	15	24	31	38	38	45	50	55	56	61	67	77	86	158
TAGGCATAGAGGACGG-1-FCA_gut8015060	10	21	31	42	54	60	70	79	89	95	106	112	126	136	198
TAGGCATCAGGTCCAC-1-Human_colon_16S7985393	8	18	24	30	43	44	54	60	70	71	76	82	94	105	154
TAGTGGTAGAGTAATC-1-Human_colon_16S7985389	8	16	22	26	33	34	40	44	46	47	50	55	63	71	100
TAGTGGTGTTCCCGAG-1-Human_colon_16S8159182	5	8	9	10	12	15	15	15	17	18	20	20	24	28	39
TAGTGGTTCTCTGCTG-1-Human_colon_16S8159188	9	20	27	36	47	52	61	69	79	83	92	98	111	122	197
TAGTTGGAGAGACTTA-1-Human_colon_16S7985390	8	16	22	26	33	34	40	44	46	47	50	55	63	71	88
TATCAGGAGGTGACCA-1-Human_colon_16S7985395	1	1	3	4	6	9	9	8	10	11	13	12	16	20	31
TATCAGGAGGTGTTAA-1-Human_colon_16S8159188	1	1	1	1	1	4	3	1	4	3	4	3	3	3	5
TATCAGGTCCGGCACA-1-Human_colon_16S8159188	10	21	31	42	54	60	70	79	89	95	106	112	126	136	193
TATCTCAAGACTAAGT-1-Human_colon_16S8159182	5	8	9	10	12	16	17	17	19	21	23	24	28	34	45
TATGCCCGTTCGTTGA-1-Human_colon_16S8159187	1	1	2	3	4	5	5	4	6	7	8	7	7	10	21
TATTACCAGGCAAAGA-1-Human_colon_16S8159182	8	15	19	26	29	31	36	39	60	61	67	72	82	91	122
TATTACCTCACCTCGT-1-Human_colon_16S8159188	8	18	24	30	43	44	54	60	70	71	76	82	95	105	150
TCAACGACATTCACTT-1-Human_colon_16S7985391	5	8	10	11	13	17	18	18	20	23	25	27	31	37	48
TCAACGATCCGTTGCT-1-Human_colon_16S8159187	8	16	22	26	33	34	40	44	46	47	50	55	63	71	88
TCAATCTGTCAATGTC-1-FCA_gut8015060	1	1	1	2	3	4	4	3	4	4	4	3	3	4	11
TCACAAGCACAACGCC-1-Human_colon_16S8159183	10	21	30	40	53	58	69	76	86	92	102	108	121	132	186
TCACAAGGTTACGCGC-1-Human_colon_16S8159188	5	16	21	24	27	30	34	37	39	42	45	49	65	73	93
TCACAAGTCGAATGCT-1-Human_colon_16S7985392	6	18	25	34	41	45	52	61	68	69	77	81	93	101	136
TCAGCAAGTCAAAGCG-1-Human_colon_16S7985389	9	20	29	39	50	56	66	74	84	90	100	106	119	130	184
TCAGCAATCTTCATGT-1-Human_colon_16S8159183	9	20	27	36	46	49	58	65	75	78	86	91	104	115	169
TCAGCTCAGGACAGCT-1-Human_colon_16S7985389	10	21	30	40	53	58	69	78	88	94	105	111	123	134	190
TCAGCTCAGTCAATAG-1-FCA_gut8015059	1	1	1	2	3	4	4	3	4	4	4	3	3	4	10
TCAGGATCAATGGAAT-1-FCA_gut8015059	7	12	15	17	21	23	26	28	30	33	36	39	45	54	69
TCAGGATCAGCTTCGG-1-Human_colon_16S8159187	10	21	30	40	53	58	69	76	86	92	102	108	121	132	186
TCAGGATGTACTCAAC-1-Human_colon_16S8159187	6	18	25	34	41	45	52	61	68	69	77	81	93	101	136
TCAGGATGTTCCAACA-1-Human_colon_16S7985393	8	15	19	26	29	31	36	39	60	61	67	72	82	91	124
TCAGGATTCACAAACC-1-Human_colon_16S8159187	8	18	24	30	43	44	54	60	70	71	76	82	94	105	147
TCAGGATTCAGTGCAT-1-Human_colon_16S8159188	8	18	24	30	43	44	54	60	70	71	76	82	95	105	150
TCAGGTAAGGTGACCA-1-Human_colon_16S7985393	7	12	15	17	21	23	26	28	30	33	36	39	45	54	66
TCAGGTAGTACTTGAC-1-Human_colon_16S7985393	6	18	25	34	41	45	52	61	68	69	77	81	93	101	136
TCATTACTCTGCCCTA-1-FCA_gut8015059	4	6	8	9	11	14	14	14	16	17	19	19	23	27	38
TCATTTGGTCTAGCGC-1-Human_colon_16S8159188	6	18	25	34	41	45	52	61	68	69	77	81	93	101	135
TCATTTGGTGGACGAT-1-Human_colon_16S8159187	8	16	22	26	33	34	40	44	46	47	50	55	63	71	92
TCCACACCACCAGATT-1-Human_colon_16S8159187	6	9	11	12	15	19	20	20	22	25	27	29	33	39	51
TCGAGGCAGGCGTACA-1-FCA_gut8015058	5	16	21	24	27	30	34	37	39	42	45	49	65	73	104
TCGAGGCCAGCTATTG-1-Human_colon_16S7985394	8	15	19	26	29	31	36	39	60	61	67	72	84	91	156
TCGAGGCGTCGCTTCT-1-Human_colon_16S8159188	6	18	24	30	43	44	54	60	70	71	76	82	95	105	149
TCGCGAGGTCGAGTTT-1-Human_colon_16S8159182	10	21	31	42	54	60	70	79	89	95	106	113	126	136	195
TCGCGAGTCTATCGCC-1-Human_colon_16S7985393	8	16	22	26	33	34	40	44	46	47	50	55	63	71	126
TCGCGTTCACCGAATT-1-Human_colon_16S8159187	5	16	21	24	27	30	34	37	39	42	45	49	65	73	94
TCGCGTTGTACAAGTA-1-Human_colon_16S8159188	8	15	19	32	39	39	48	53	59	62	66	73	85	92	126
TCGCGTTGTCTTGTCC-1-Human_colon_16S8159190	8	15	19	32	40	41	47	52	58	59	64	70	84	106	155
TCGCGTTTCTTCGAGA-1-Human_colon_16S8159182	9	20	28	37	48	53	63	71	81	87	96	102	115	126	180
TCGGGACGTAGAGGAA-1-Human_colon_16S8159187	8	17	23	28	34	35	41	45	48	49	52	57	66	75	111
TCGGGACTCCTCAATT-1-Human_colon_16S8159183	6	9	11	13	17	20	21	23	24	27	29	31	36	43	55
TCGGTAACAAGCCATT-1-FCA_gut8015058	5	16	22	27	31	32	38	41	47	48	51	56	64	74	101
TCGGTAAGTACCAGTT-1-Human_colon_16S8159188	6	9	11	13	42	43	49	54	69	68	74	78	90	102	141
TCGGTAATCGGTGTCG-1-Human_colon_16S7985389	1	1	1	1	1	1	3	1	1	3	2	2	2	3	2
TCGTACCGTAGGGACT-1-Human_colon_16S8159188	8	15	19	32	40	41	47	52	58	59	64	70	84	106	155
TCGTAGACAGCTGTGC-1-Human_colon_16S8159187	8	17	23	28	34	35	41	45	48	49	52	57	66	75	105
TCTATTGCATACCATG-1-Human_colon_16S8159188	8	15	19	32	39	39	48	53	59	62	66	73	85	92	160
TCTATTGCATTAACCG-1-Human_colon_16S8159188	8	15	19	32	39	39	48	53	59	62	66	73	85	92	160
TCTCATACACTGTGTA-1-Human_colon_16S7985389	8	15	19	32	40	41	47	52	58	59	64	70	84	106	155
TCTCTAAAGGCTCTTA-1-Human_colon_16S8159187	10	21	31	42	54	60	70	79	89	95	106	112	126	136	198
TCTCTAAAGTTAGCGG-1-FCA_gut8015060	1	1	1	1	1	4	3	1	4	3	4	3	3	3	5
TCTCTAATCGTAGGAG-1-Human_colon_16S8159190	5	16	21	24	27	30	34	37	39	42	45	49	65	73	96
TCTGGAAGTCACCTAA-1-Human_colon_16S8159188	6	18	25	34	41	45	52	61	68	69	77	81	93	101	135
TCTTCGGCATGCCCGA-1-Human_colon_16S7985390	9	20	29	38	49	55	65	73	83	89	99	105	118	129	183
TCTTCGGGTATCGCAT-1-Human_colon_16S8159187	5	16	21	24	27	30	34	37	39	42	45	49	65	73	96
TCTTTCCGTAGCGTGA-1-Human_colon_16S7985393	5	16	22	27	33	34	40	44	47	48	51	56	64	74	100
TCTTTCCGTGAAATCA-1-Human_colon_16S7985391	8	17	23	29	36	37	43	48	52	53	57	62	71	80	113
TCTTTCCTCTCGCATC-1-Human_colon_16S8159188	5	8	9	10	12	15	15	15	17	18	20	20	24	28	39
TGAAAGAAGAGGACGG-1-FCA_gut8015058	5	16	22	27	31	32	38	41	47	48	51	56	64	74	103
TGAAAGAAGAGGGCTT-1-Human_colon_16S8159190	9	20	27	36	46	49	58	65	75	78	86	91	104	115	169
TGAAAGAAGTCGATAA-1-Human_colon_16S8159190	6	18	25	34	41	45	52	61	68	69	77	81	93	101	136
TGAAAGAGTGTAACGG-1-FCA_gut8015060	10	21	31	42	54	60	70	79	89	95	106	113	126	136	194
TGACAACCAAGCGATG-1-Human_colon_16S8159184	8	18	24	30	43	44	50	60	66	66	71	77	94	103	154
TGACAACGTCAGTGGA-1-Human_colon_16S8159187	10	21	31	42	53	60	69	77	87	93	103	113	125	135	192
TGACAACTCAGTTTGG-1-Human_colon_16S8159183	8	17	23	28	34	35	41	46	50	51	54	59	68	77	109
TGACGGCAGCAATATG-1-Human_colon_16S8159187	8	16	22	26	33	34	40	44	46	47	50	55	63	71	103
TGACGGCAGGGATCTG-1-Human_colon_16S8159183	10	21	31	42	54	60	70	79	89	95	106	113	126	136	195
TGACGGCGTAGTGAAT-1-Human_colon_16S7985392	5	16	21	24	27	30	34	37	39	42	45	49	65	73	93
TGACGGCGTTGAACTC-1-Human_colon_16S7985389	8	18	24	30	43	44	50	60	66	66	71	77	94	103	154
TGAGAGGTCTCGGACG-1-Human_colon_16S8159187	10	21	30	40	53	58	69	78	88	94	105	111	123	134	190
TGAGCATAGAGACTTA-1-Human_colon_16S8159189	6	9	11	12	15	19	20	20	22	25	27	29	33	39	51
TGAGCATTCGTCCGTT-1-Human_colon_16S8159188	6	9	11	13	42	43	49	54	69	68	74	78	90	102	142
TGAGCCGCAAACCCAT-1-Human_colon_16S7985389	8	15	19	32	40	41	47	52	58	59	64	70	84	106	155
TGAGCCGGTGTGGCTC-1-Human_colon_16S7985389	7	12	15	17	21	23	26	28	30	33	36	39	45	54	66
TGAGCCGGTTAAGAAC-1-Human_colon_16S7985389	1	1	1	1	1	4	3	1	4	3	4	3	3	3	10
TGAGGGATCAGTGTTG-1-Human_colon_16S7985390	8	18	24	30	43	44	50	60	66	66	71	77	94	103	154
TGATTTCTCAGCAACT-1-Human_colon_16S8159188	5	16	21	24	27	30	34	37	39	42	45	49	65	73	95
TGATTTCTCATTGCGA-1-Human_colon_16S8159188	6	18	25	34	41	45	52	61	68	69	77	81	93	101	136
TGCACCTTCTACGAGT-1-Human_colon_16S8159188	10	21	31	42	54	60	70	79	89	95	106	113	126	136	195
TGCCAAAGTAGAGCTG-1-Human_colon_16S8159190	6	9	11	13	42	43	49	54	69	68	74	78	90	102	141
TGCCAAAGTCAACATC-1-Human_colon_16S7985393	7	12	15	17	21	23	26	28	30	33	36	39	45	54	68
TGCCAAATCCACGCAG-1-Human_colon_16S7985389	1	1	3	4	6	9	9	8	10	11	13	12	16	20	31
TGCCCTAAGCTGAAAT-1-Human_colon_16S7985393	9	20	28	37	48	53	62	70	80	85	94	100	113	124	178
TGCGCAGAGAGCTGGT-1-Human_colon_16S8159190	6	18	25	34	41	45	52	61	68	69	77	81	93	101	135
TGCGCAGGTACCATCA-1-Human_colon_16S7985394	1	1	1	1	1	1	3	1	1	3	2	2	2	3	7
TGCGCAGTCTGGCGAC-1-Human_colon_16S7985389	8	18	24	30	43	44	50	60	66	66	71	77	94	103	154
TGCGGGTCAGGAATCG-1-FCA_gut8015058	10	22	32	44	57	63	74	84	95	102	113	121	135	145	209
TGCGGGTGTAGGGACT-1-Human_colon_16S7985394	5	16	21	24	27	30	34	37	39	42	45	49	65	73	93
TGCTACCCAACGCACC-1-Human_colon_16S7985391	1	1	1	1	1	1	3	1	1	3	2	2	2	3	8
TGCTACCGTTGAGGTG-1-Human_colon_16S8159187	8	18	24	30	43	44	50	60	66	66	71	77	94	103	154
TGGACGCGTAGCAAAT-1-Human_colon_16S8159189	1	1	1	1	1	4	3	1	4	3	4	3	3	3	15
TGGCCAGCAATCAGAA-1-Human_colon_16S8159189	1	1	1	2	3	4	4	3	4	4	4	3	3	4	11
TGGCGCAAGAACAACT-1-Human_colon_16S7985393	5	16	21	24	27	30	34	37	39	42	45	49	65	73	93
TGGCGCAGTTGGTTTG-1-Human_colon_16S8159190	6	18	25	34	41	45	52	61	68	69	77	81	93	101	135
TGGCTGGAGGAATGGA-1-Human_colon_16S8159190	6	9	11	12	15	19	20	21	23	26	28	30	34	40	129
TGGCTGGTCGCCTGAG-1-Human_colon_16S8159189	6	18	25	34	41	45	52	61	68	69	77	81	93	101	135
TGGGAAGAGACAGAGA-1-Human_colon_16S8159187	1	1	1	1	1	1	3	1	1	3	2	2	2	3	4
TGGGAAGGTAGAAAGG-1-Human_colon_16S7985389	8	18	24	30	43	44	50	60	66	66	71	77	94	103	154
TGGGAAGGTTGGTTTG-1-Human_colon_16S7985389	5	16	22	27	31	32	38	41	47	48	51	56	64	74	103
TGGGCGTGTGGGTATG-1-Human_colon_16S8159183	8	15	19	26	29	31	36	39	60	61	67	72	82	91	124
TGGGCGTTCATGTAGC-1-Human_colon_16S7985393	8	15	19	32	39	39	48	53	59	62	66	73	85	92	160
TGGTTAGTCCAGGGCT-1-Human_colon_16S8159184	10	21	31	42	54	60	70	79	89	95	106	113	126	136	196
TGGTTCCTCGAGCCCA-1-Human_colon_16S7985395	8	15	19	32	40	41	47	52	58	59	64	70	84	106	155
TGTATTCAGGAGCGTT-1-FCA_gut8015058	7	12	15	17	22	25	29	32	34	37	40	43	49	58	76
TGTATTCTCCAGAGGA-1-Human_colon_16S8159187	8	18	24	30	43	44	50	60	66	66	71	77	94	103	154
TGTGGTACATTTCAGG-1-Human_colon_16S8159182	10	21	30	41	52	57	67	75	85	91	101	107	120	131	185
TGTGTTTAGGGCTTCC-1-Human_colon_16S7985389	5	16	22	27	31	32	38	41	47	48	51	56	64	74	99
TGTGTTTCAAGCCGTC-1-Human_colon_16S8159182	7	14	18	21	26	29	33	36	38	41	44	48	55	64	81
TGTGTTTTCACCTCGT-1-Human_colon_16S8159188	5	16	21	24	27	30	34	37	39	42	45	49	65	73	98
TGTTCCGAGTACGCGA-1-Human_colon_16S8159184	5	16	22	27	33	34	40	44	47	48	51	56	64	74	100
TGTTCCGCACGGCTAC-1-Human_colon_16S8159190	8	15	19	32	40	41	47	52	58	59	64	70	84	106	158
TGTTCCGTCCCACTTG-1-Human_colon_16S8159188	8	18	24	30	43	44	50	60	66	66	71	77	94	103	154
TTAGGACCACCGTTGG-1-Human_colon_16S8159189	8	17	23	28	34	35	41	45	48	49	52	57	66	75	105
TTAGGACGTAAACGCG-1-Human_colon_16S7985394	8	16	22	26	33	34	40	44	46	47	50	55	63	71	88
TTAGGACGTCTCTTAT-1-Human_colon_16S8159188	8	18	24	30	43	44	50	60	66	66	71	77	94	103	154
TTAGGCAAGTGAACGC-1-Human_colon_16S7985391	10	21	31	42	54	60	70	79	89	95	106	113	126	136	193
TTAGGCAAGTTAACGA-1-Human_colon_16S7985393	6	18	25	34	41	45	52	61	68	69	77	81	93	101	136
TTAGGCACACCGGAAA-1-Human_colon_16S8159187	5	16	21	24	27	30	34	37	39	42	45	49	65	73	98
TTAGGCATCCCACTTG-1-Human_colon_16S8159188	6	18	25	34	41	45	53	59	64	64	69	75	87	96	149
TTAGTTCAGATCCCGC-1-Human_colon_16S8159187	6	9	11	13	42	43	49	54	69	68	74	78	90	102	141
TTAGTTCCAGAGCCAA-1-Human_colon_16S7985392	8	15	19	32	40	41	47	52	58	59	64	70	84	106	156
TTATGCTCATCCGGGT-1-Human_colon_16S8159182	8	17	23	29	36	37	44	49	54	55	60	66	75	84	117
TTCCCAGGTTAAGTAG-1-Human_colon_16S7985395	8	18	24	30	43	44	50	60	66	66	71	77	94	103	154
TTCGGTCCACCGTTGG-1-Human_colon_16S8159189	9	19	26	35	44	46	55	62	71	72	78	83	96	107	161
TTCTACAAGATGTGGC-1-Human_colon_16S7985389	7	12	15	17	21	23	26	28	30	33	36	39	45	54	69
TTCTACACATGCTAGT-1-Human_colon_16S8159188	1	1	1	2	3	4	4	3	4	4	4	3	3	4	10
TTCTACATCCACGACG-1-Human_colon_16S7985390	1	1	1	1	1	1	3	1	1	3	2	2	2	3	4
TTCTACATCTTCCTTC-1-Human_colon_16S8159187	10	21	31	43	55	61	71	80	90	97	108	115	128	138	201
TTCTCAACACACATGT-1-Human_colon_16S7985393	5	16	21	24	27	30	34	37	39	42	45	49	65	73	93
TTCTCCTTCAAGCCTA-1-Human_colon_16S7985395	1	1	1	1	1	4	3	1	4	3	4	3	3	3	3
TTCTCCTTCCGCGTTT-1-Human_colon_16S7985393	10	21	31	42	54	60	70	79	89	95	106	113	126	136	199
TTCTCCTTCGCCTGTT-1-Human_colon_16S7985393	6	18	24	30	43	44	54	60	70	71	76	82	95	105	148
TTCTCCTTCTGGCGTG-1-Human_colon_16S7985393	8	16	22	26	33	34	40	44	46	47	50	55	63	71	92
TTCTTAGTCACTCTTA-1-FCA_gut8015059	7	12	15	17	22	25	29	32	34	37	40	44	50	59	76
TTCTTAGTCGGATGTT-1-Human_colon_16S8159188	1	1	2	3	5	6	6	5	7	8	9	8	10	13	24
TTGAACGGTCCGAATT-1-Human_colon_16S7985389	8	15	19	32	40	41	47	52	58	59	64	70	84	106	155
TTGAACGTCGTGGTCG-1-Human_colon_16S8159187	1	1	1	2	3	4	4	3	4	4	4	3	3	4	11
TTGCCGTAGAAACCAT-1-Human_colon_16S7985390	7	12	15	17	22	25	29	32	34	37	40	44	50	59	76
TTGCCGTGTCATCGGC-1-Human_colon_16S7985389	8	15	19	26	29	31	36	39	60	61	67	72	85	92	126
TTGCCGTTCCAGTATG-1-Human_colon_16S8159182	10	21	31	43	55	61	71	80	90	97	108	115	128	138	201
TTGCGTCAGGACCACA-1-FCA_gut8015057	8	18	24	30	43	44	50	60	66	66	71	77	94	103	154
TTGCGTCCAGCATGAG-1-Human_colon_16S7985393	7	12	15	17	21	23	26	28	30	33	36	39	45	54	71
TTGCGTCCAGGACGTA-1-Human_colon_16S7985392	5	16	22	27	31	32	38	41	47	48	51	56	65	74	104
TTGGAACTCCAGAAGG-1-Human_colon_16S8159187	8	15	19	32	39	39	48	53	59	62	66	73	85	92	160
TTGGCAAAGCACCGTC-1-Human_colon_16S8159182	8	17	23	28	34	35	41	45	48	49	52	57	66	75	111
TTGGCAATCTTCGAGA-1-Human_colon_16S8159188	8	15	19	32	40	41	47	52	58	59	64	70	84	106	155
TTGTAGGAGGACAGAA-1-Human_colon_16S8159188	6	9	11	13	42	43	49	54	69	68	74	78	90	102	141
TTGTAGGCATTGAGCT-1-Human_colon_16S7985389	6	18	25	34	41	45	53	59	64	64	69	75	87	96	149
TTGTAGGTCAGGTTCA-1-FCA_gut8015060	9	19	26	35	45	48	57	64	74	76	83	88	101	112	166
TTGTAGGTCGCTTGTC-1-Human_colon_16S7985393	8	18	24	30	43	44	50	60	66	66	71	77	94	103	154
TTTACTGCATTATCTC-1-Human_colon_16S7985389	1	1	1	2	3	4	4	3	4	4	4	3	3	4	10
TTTATGCTCTCGCTTG-1-Human_colon_16S8159182	6	9	11	12	15	19	20	20	22	25	27	29	33	39	51
TTTATGCTCTTATCTG-1-Human_colon_16S8159184	6	11	14	15	19	21	24	26	28	31	33	36	41	49	62
TTTCCTCCAGTCGTGC-1-Human_colon_16S8159188	10	21	30	40	53	58	69	76	86	92	102	108	121	132	189
TTTCCTCCATTATCTC-1-FCA_gut8015058	5	8	9	10	12	16	17	17	19	22	24	25	29	35	46
TTTCCTCTCGTAGGAG-1-Human_colon_16S8159184	1	1	1	2	3	4	4	3	4	4	4	3	3	4	95
TTTCCTCTCTAACGGT-1-Human_colon_16S8159183	10	21	31	42	53	60	69	77	87	93	103	113	125	135	199
TTTGCGCCATCTCGCT-1-Human_colon_16S8159187	6	9	11	12	15	19	20	20	22	25	27	29	33	39	51
TTTGGTTAGGACAGCT-1-FCA_gut8015059	2	3	5	6	8	11	11	10	12	13	15	14	18	22	33
TTTGGTTCAAATCCGT-1-Human_colon_16S7985391	1	1	1	1	1	4	3	1	4	3	4	3	3	3	3
TTTGGTTCATTAACCG-1-Human_colon_16S8159189	1	1	1	2	3	4	4	3	4	4	4	3	3	4	14
TTTGGTTTCTCTGCTG-1-Human_colon_16S7985393	1	1	2	3	4	5	5	4	5	5	5	4	4	6	17
TTTGTCACAAGTTCTG-1-Human_colon_16S8159189	1	1	1	2	3	4	4	3	4	4	4	3	3	4	15
