clu10	clu20	clu30	clu40	clu50	clu60	clu70	clu80	clu90	clu100	clu110	clu120	clu130	clu140	clu150
c1	1	1	1	1	1	1	3	1	1	3	2	2	2	3	2
c2	1	1	1	1	1	4	3	1	4	3	4	3	3	3	3
c3	1	1	1	1	1	4	3	2	4	2	4	3	3	1	4
c4	1	1	1	1	1	3	3	1	3	3	1	1	1	3	5
c5	1	1	1	1	1	1	3	1	1	3	2	2	2	3	7
c6	1	1	1	1	1	4	3	1	4	3	4	3	3	3	8
c7	1	1	1	2	3	1	4	1	1	3	2	2	2	3	10
c8	1	1	1	1	1	1	3	3	1	4	2	2	2	4	11
c9	1	1	1	2	3	4	4	1	4	3	4	3	3	3	14
c10	1	1	1	2	3	4	4	3	4	4	4	3	3	4	15
c11	1	1	2	1	3	4	3	3	4	4	4	3	3	4	17
c12	1	1	2	2	1	4	4	1	4	3	4	3	3	3	18
c13	1	1	2	3	4	5	5	3	5	4	5	4	4	4	19
c14	1	1	2	3	4	5	5	4	5	5	6	5	5	5	21
c15	1	1	2	3	4	5	5	4	6	6	7	6	6	6	24
c16	1	1	2	3	4	5	5	4	6	7	8	7	7	7	25
c17	1	1	2	3	5	6	6	4	7	7	9	8	8	8	26
c18	1	1	3	3	5	7	7	5	8	8	10	9	9	9	29
c19	1	1	3	3	5	7	7	6	8	9	11	10	10	10	31
c20	2	2	4	4	6	8	8	6	9	9	12	11	11	11	32
c21	2	3	5	4	6	9	9	7	10	10	13	12	12	12	33
c22	3	4	6	5	7	10	10	8	11	11	14	13	13	13	35
c23	4	5	7	6	8	11	11	9	12	12	15	14	14	14	36
c24	4	5	7	7	9	12	12	10	13	13	16	15	15	15	37
c25	4	6	8	8	10	13	13	11	14	14	17	16	16	16	38
c26	5	8	9	8	10	13	13	12	15	15	18	17	17	17	39
c27	5	8	9	9	11	14	14	13	16	16	19	18	18	18	40
c28	5	8	9	10	12	15	15	14	17	17	20	19	19	19	43
c29	5	8	9	10	12	15	15	15	17	18	21	20	20	20	45
c30	5	8	9	10	12	16	16	15	18	19	22	21	21	21	46
c31	5	8	10	10	12	16	17	16	19	20	23	22	22	22	48
c32	5	8	10	10	12	16	17	17	19	21	24	23	23	23	49
c33	6	9	11	11	13	17	18	17	20	22	25	24	24	24	50
c34	6	9	11	11	14	18	19	18	21	23	26	25	25	25	51
c35	6	9	11	12	15	19	20	19	22	24	27	26	26	26	55
c36	6	9	11	12	15	19	20	20	22	25	27	27	27	27	58
c37	6	11	14	13	17	20	21	20	24	25	29	28	28	28	60
c38	6	11	14	13	17	20	23	23	26	27	31	29	29	29	62
c39	6	11	14	15	19	21	24	25	27	29	32	29	30	30	63
c40	6	11	14	15	19	21	24	26	28	30	33	31	31	31	65
c41	7	12	15	16	20	22	25	26	29	31	34	33	32	32	66
c42	7	12	15	16	20	22	25	27	29	32	35	34	33	33	68
c43	7	12	15	17	21	23	26	27	30	32	36	35	33	34	69
c44	7	12	15	17	21	23	26	28	30	33	36	36	35	35	70
c45	7	12	15	17	21	23	26	28	30	33	36	37	36	36	71
c46	7	12	15	17	21	23	26	28	30	33	36	38	38	37	72
c47	7	12	15	17	21	23	26	28	30	33	36	39	39	38	73
c48	7	12	15	17	22	24	27	28	31	33	37	39	40	39	74
c49	7	12	15	17	22	24	28	29	32	34	38	39	41	39	76
c50	7	12	15	17	22	24	28	30	32	35	38	39	42	41	77
c51	7	13	16	17	22	25	28	30	33	35	39	39	43	42	79
c52	7	14	17	18	23	26	29	31	34	36	40	40	44	43	80
c53	7	14	18	19	24	27	30	32	35	37	41	41	45	46	81
c54	8	15	19	20	25	28	31	33	36	38	42	41	45	47	84
c55	8	15	19	21	26	29	32	34	37	39	43	42	45	48	85
c56	5	16	21	26	29	31	33	35	38	40	44	43	45	49	87
c57	8	16	22	26	29	31	37	36	42	41	47	44	45	50	88
c58	8	16	22	27	32	33	37	40	43	44	48	45	46	51	92
c59	5	16	21	26	33	34	39	40	45	45	49	46	47	52	93
c60	5	16	21	26	33	34	40	43	46	46	50	47	47	53	94
c61	1	1	1	24	27	30	40	44	46	47	50	48	48	54	95
c62	5	16	21	24	27	30	34	44	39	47	45	51	49	54	96
c63	1	1	1	2	3	4	34	37	39	42	45	52	50	54	98
c64	5	16	21	24	27	30	4	37	4	42	4	54	51	54	99
c65	5	16	21	2	3	4	34	3	39	4	45	55	52	54	100
c66	5	16	22	24	27	30	4	37	4	42	4	55	53	55	101
c67	8	16	22	24	27	30	35	3	40	4	46	49	54	56	102
c68	5	16	22	27	31	32	34	38	39	43	45	49	55	56	103
c69	5	16	22	26	33	34	34	37	39	42	45	3	59	57	104
c70	5	16	21	27	31	32	38	37	47	42	51	49	60	58	105
c71	8	16	22	27	31	32	40	41	46	48	50	3	62	59	106
c72	5	17	21	27	31	32	38	44	47	47	51	50	63	60	108
c73	5	17	22	26	32	33	38	41	47	48	51	49	63	61	109
c74	8	17	23	27	33	34	38	41	47	48	51	49	65	62	110
c75	8	17	23	24	31	32	39	41	45	48	49	56	65	63	111
c76	8	17	23	27	27	30	40	43	46	46	50	55	3	64	112
c77	8	17	23	28	31	32	38	44	47	47	51	56	65	67	113
c78	8	17	23	28	34	35	34	41	39	48	45	56	3	68	114
c79	8	17	23	28	34	35	38	37	47	42	51	56	57	70	116
c80	8	17	23	28	34	35	41	41	48	48	52	53	65	71	117
c81	8	17	23	28	34	35	41	45	48	49	52	55	65	71	118
c82	8	17	23	28	35	36	41	45	49	49	53	56	64	73	121
c83	8	15	23	29	35	36	41	45	50	50	54	49	63	73	122
c84	8	15	23	29	34	35	42	46	51	51	55	56	64	4	124
c85	8	15	24	29	36	37	42	47	51	52	56	57	64	73	126
c86	8	15	24	29	36	37	41	47	48	52	52	57	65	4	128
c87	8	16	19	29	36	37	43	45	52	49	57	58	64	65	129
c88	8	15	19	31	36	37	43	48	52	53	57	59	61	73	132
c89	8	9	22	31	36	37	43	48	53	53	58	60	63	73	134
c90	6	9	19	26	38	38	44	48	54	54	59	61	64	74	135
c91	6	18	11	26	38	38	44	49	54	55	60	57	65	71	136
c92	6	9	11	26	29	31	45	49	55	55	61	62	66	74	138
c93	6	18	25	32	29	31	45	50	57	56	63	62	66	74	140
c94	6	18	13	13	33	34	36	51	60	58	67	63	67	74	141
c95	6	18	25	12	29	31	37	39	42	61	47	64	68	69	142
c96	6	9	25	13	39	39	36	40	60	44	67	65	69	71	143
c97	6	9	25	34	17	20	40	39	46	61	50	66	70	74	147
c98	6	9	11	14	15	19	36	44	60	47	67	67	66	73	148
c99	6	9	11	34	17	20	48	39	59	61	66	69	71	74	149
c100	6	18	11	34	41	45	21	53	62	62	68	72	71	75	150
c101	8	18	25	34	42	43	20	54	23	63	28	51	72	75	2
c102	6	18	24	13	41	45	21	21	62	26	68	72	73	76	3
c103	6	18	24	13	41	45	53	54	65	63	70	55	74	77	4
c104	6	18	24	13	41	45	49	59	69	65	75	72	75	78	5
c105	8	1	25	34	42	43	52	56	68	70	77	73	76	79	7
