clu10	clu20	clu30	clu40	clu50	clu60	clu70	clu80	clu90	clu100	clu110	clu120	clu130	clu140	clu150
c1	1	1	2	2	3	4	5	1	1	1	1	1	1	1	1
c2	1	2	3	3	4	5	6	2	2	2	2	2	2	2	2
c3	1	2	3	3	4	5	7	3	3	3	3	3	3	3	3
c4	1	2	3	3	4	5	7	3	3	3	3	3	3	3	4
c5	1	2	3	3	4	5	7	3	3	3	4	4	4	4	5
c6	1	2	3	3	4	5	8	4	4	4	5	5	5	5	6
c7	1	1	2	2	3	4	8	4	4	4	6	6	6	6	7
c8	2	2	3	3	4	5	12	5	5	5	7	7	7	7	8
c9	2	3	4	5	6	7	12	5	5	5	7	7	7	7	9
c10	2	3	4	5	6	7	12	5	5	5	7	8	8	8	10
c11	2	3	4	5	6	8	13	6	6	6	8	9	9	9	11
c12	2	3	5	6	7	9	14	7	7	7	9	10	10	10	12
c13	2	3	5	6	8	10	14	7	7	7	9	11	11	11	13
c14	2	3	5	6	8	10	14	8	8	8	10	12	12	12	14
c15	4	3	5	6	8	10	18	9	9	9	11	13	13	13	15
c16	4	8	10	9	10	13	19	10	10	10	12	14	14	14	16
c17	4	8	10	9	10	13	19	10	10	10	12	15	15	15	17
c18	4	8	10	9	10	13	19	10	10	10	12	15	15	15	18
c19	4	8	10	9	10	13	19	11	11	11	13	16	16	16	19
c20	4	8	10	9	10	13	23	12	12	12	14	17	17	17	20
c21	4	8	10	10	11	15	23	13	13	13	15	18	18	18	21
c22	4	9	11	9	10	16	23	13	13	13	15	18	18	18	22
c23	4	9	11	12	13	18	23	14	14	14	16	19	19	19	23
c24	4	8	10	12	13	18	23	14	14	14	16	19	19	20	24
c25	4	8	10	10	11	16	25	15	15	15	17	20	20	21	25
c26	4	8	10	10	11	16	25	15	15	15	18	21	21	22	26
c27	4	9	12	10	12	17	25	15	16	16	19	22	22	23	27
c28	4	9	12	13	14	19	26	16	17	17	20	23	23	24	28
c29	4	9	12	13	14	19	26	16	18	18	21	24	24	25	29
c30	4	9	11	13	14	19	28	17	19	19	22	25	25	26	30
c31	4	9	11	15	16	20	29	18	20	20	23	26	26	27	31
c32	4	9	11	12	13	18	29	18	20	20	23	26	27	28	32
c33	4	9	11	15	16	20	29	18	20	20	23	26	27	28	33
c34	4	9	11	15	16	20	30	19	21	21	24	27	28	29	34
c35	4	9	11	12	13	18	30	19	21	21	24	27	28	30	35
c36	4	10	13	12	13	18	30	20	22	22	25	28	29	31	36
c37	4	10	13	15	16	20	31	21	23	23	26	29	30	32	37
c38	4	10	13	12	13	18	31	21	23	23	26	29	30	33	38
c39	4	9	11	14	17	21	35	22	24	24	27	30	31	34	39
c40	4	9	11	14	17	21	35	22	24	24	27	30	31	34	40
c41	4	10	13	14	17	21	35	22	24	24	28	31	32	35	41
c42	4	10	14	15	16	20	40	24	26	26	30	32	33	36	42
c43	4	10	14	15	16	20	40	24	26	26	30	33	34	37	43
c44	4	10	13	14	17	21	40	24	27	27	31	34	35	38	44
c45	3	10	14	17	19	22	40	24	27	27	32	35	36	39	45
c46	4	10	14	17	19	22	41	25	28	28	33	36	37	40	46
c47	4	10	14	14	17	21	43	26	29	29	34	37	38	41	47
c48	3	11	14	17	19	24	43	26	29	29	34	38	39	42	48
c49	4	10	15	16	20	22	46	27	30	30	35	39	40	43	49
c50	4	10	14	16	20	25	46	27	31	31	36	40	41	44	50
c51	3	11	14	17	19	25	49	28	32	32	37	41	42	45	51
c52	3	11	15	18	21	26	49	28	32	32	38	42	43	46	52
c53	3	4	15	16	20	25	51	29	33	33	39	44	44	47	53
c54	3	4	9	17	19	22	51	29	33	33	39	45	45	48	54
c55	3	11	9	17	19	26	39	23	25	25	40	46	46	49	55
c56	3	11	15	18	21	26	52	30	34	34	40	47	47	50	56
c57	3	11	15	20	23	26	52	30	34	35	41	48	48	51	57
c58	3	11	15	20	23	27	52	30	35	36	42	49	49	52	58
c59	3	11	15	21	24	27	53	31	36	37	43	50	50	53	59
c60	3	4	15	21	24	28	54	32	37	38	44	51	51	54	60
c61	5	4	9	19	25	28	55	33	38	39	45	52	52	55	61
c62	5	11	9	18	21	30	56	34	39	40	46	53	53	56	62
c63	6	11	15	19	25	26	56	34	39	40	47	53	54	57	63
c64	6	12	15	18	21	30	58	35	40	41	47	54	55	58	64
c65	6	13	16	18	21	26	60	36	41	42	48	55	56	59	65
c66	6	14	17	19	25	26	60	36	41	42	49	56	57	60	66
c67	6	14	18	18	21	30	61	37	42	43	50	57	58	61	67
c68	6	14	18	21	24	26	61	37	42	44	51	58	59	62	68
c69	6	14	18	21	24	28	62	38	43	45	52	59	60	63	69
c70	6	14	18	19	25	28	63	39	44	46	53	60	61	64	70
c71	6	14	18	21	25	30	64	40	45	47	54	61	62	65	71
c72	6	15	18	19	26	30	64	40	45	47	55	61	63	66	72
c73	7	14	19	22	27	31	65	41	46	48	55	62	64	67	73
c74	7	15	18	23	28	32	65	41	46	49	56	63	65	68	74
c75	8	15	19	24	28	33	67	42	47	50	57	64	66	69	75
c76	8	16	19	24	28	33	67	42	48	51	58	65	67	70	76
c77	8	16	20	24	28	33	67	42	48	51	59	65	67	71	77
c78	8	18	20	24	28	33	67	42	48	51	59	65	67	72	78
c79	8	18	22	24	29	33	68	43	49	52	59	66	68	73	79
c80	8	18	22	25	30	34	69	44	50	53	60	67	69	74	80
c81	1	18	23	26	28	35	69	44	51	54	61	68	70	75	81
c82	8	18	23	24	30	33	69	44	51	54	62	68	71	76	82
c83	1	18	23	26	31	35	69	44	51	54	62	68	71	76	83
c84	1	1	23	26	32	36	74	45	52	55	62	69	72	77	84
c85	1	18	1	27	32	37	74	45	52	55	63	69	72	77	85
c86	8	1	23	27	33	37	74	45	52	55	63	70	73	78	86
c87	1	1	1	28	33	38	75	46	53	56	63	71	74	79	87
c88	8	1	1	28	34	38	75	46	53	56	64	71	75	80	88
c89	8	18	1	29	34	39	76	47	54	57	64	72	76	81	89
c90	8	1	23	29	34	39	76	47	54	58	65	73	77	82	90
c91	8	18	1	29	34	39	77	48	55	59	66	74	78	83	91
c92	8	18	24	29	1	39	77	48	56	60	67	75	79	84	92
c93	8	17	25	1	34	1	77	48	56	60	68	75	80	85	93
c94	8	18	25	29	1	39	77	48	57	61	68	76	81	86	94
c95	8	18	25	1	1	1	79	49	58	62	69	77	82	87	95
c96	8	18	24	1	1	39	79	49	58	62	70	77	82	87	96
c97	8	18	24	1	34	1	80	50	59	63	70	78	83	88	97
c98	8	17	23	29	2	1	80	50	59	63	71	78	83	89	98
c99	3	17	24	1	35	39	80	51	60	64	71	79	84	90	99
c100	3	17	23	30	37	3	80	52	61	65	72	80	85	91	100
c101	3	17	25	31	37	43	81	53	62	66	73	81	86	92	101
c102	3	6	25	31	37	43	81	54	63	67	74	82	87	93	102
c103	3	6	25	31	35	42	82	55	64	68	75	83	88	94	103
c104	3	20	25	30	36	43	82	55	64	68	76	84	89	95	104
c105	3	20	7	30	34	41	83	56	65	69	76	85	90	96	105
c106	3	6	7	29	35	39	83	57	66	70	77	86	91	97	106
c107	3	4	27	30	34	43	83	57	67	71	78	87	92	98	107
c108	3	20	27	29	37	39	85	58	68	72	79	88	93	99	108
c109	3	4	27	31	37	42	85	58	68	72	80	89	94	100	109
c110	3	6	9	31	37	42	85	58	68	72	81	89	94	101	110
c111	3	6	27	31	37	44	87	59	69	73	81	90	95	102	111
c112	8	6	9	31	9	42	87	59	69	73	82	90	95	103	112
c113	8	6	9	7	9	46	88	60	70	74	82	91	96	104	113
c114	8	11	27	7	38	12	92	61	71	75	83	92	97	105	114
c115	8	4	27	32	38	12	92	61	71	75	84	92	97	106	115
c116	8	6	27	32	39	45	92	61	71	75	84	93	98	107	116
c117	9	19	7	32	24	45	93	62	72	76	84	94	99	108	117
c118	9	17	7	21	38	46	93	62	72	76	85	95	100	109	118
c119	9	19	15	32	24	28	95	63	73	77	86	96	101	110	119
c120	9	19	9	21	24	45	96	64	74	78	87	97	102	111	120
c121	9	20	28	21	39	28	96	64	74	79	88	98	103	112	121
c122	9	20	25	32	39	46	98	65	75	80	89	99	104	113	122
c123	9	21	28	32	39	46	100	66	76	81	90	100	105	114	123
c124	9	21	28	32	9	46	103	67	77	82	91	101	106	115	124
c125	9	21	28	7	9	12	103	67	77	82	92	101	107	116	125
c126	9	21	28	7	25	30	103	67	77	82	92	101	108	117	126
c127	9	21	29	19	24	28	104	68	78	83	92	102	109	118	127
c128	9	21	29	21	40	46	104	69	79	84	93	103	110	119	128
c129	9	21	29	33	37	47	105	70	80	85	94	104	111	120	129
c130	9	21	29	31	40	42	105	70	80	86	95	105	112	121	130
c131	9	21	29	33	40	47	107	71	81	87	96	106	113	122	131
c132	9	21	29	33	41	48	108	72	82	88	97	107	114	123	132
c133	9	21	30	34	41	49	108	72	82	89	98	108	115	124	133
c134	9	21	29	34	42	50	111	73	83	90	99	109	116	125	134
c135	10	21	30	35	42	51	112	74	84	91	100	110	117	126	135
c136	10	21	30	35	42	52	112	74	84	92	101	111	118	127	136
c137	10	21	30	35	42	51	112	74	84	93	102	112	119	128	137
c138	10	21	30	35	45	51	114	75	85	94	103	113	120	129	138
c139	10	21	29	36	42	54	115	76	86	95	104	114	121	130	139
c140	10	21	29	35	46	51	115	78	87	96	105	115	122	131	140
c141	10	22	29	37	42	56	116	78	87	96	106	115	122	131	141
c142	10	22	31	35	46	51	116	79	88	97	106	116	123	132	142
c143	2	22	29	37	46	56	117	79	88	97	107	116	123	133	143
c144	10	22	31	37	47	56	117	79	88	97	107	116	124	134	144
c145	10	22	29	37	48	57	117	79	88	97	107	117	125	135	145
c146	10	22	29	38	43	58	117	80	89	98	108	118	126	136	146
c147	10	22	31	36	43	59	118	80	89	98	109	118	127	137	147
c148	10	22	32	36	45	60	118	81	90	99	109	119	128	138	148
c149	10	3	32	36	43	61	119	81	90	100	110	120	129	139	149
c150	10	22	32	39	49	61	119	81	90	100	111	121	130	140	150
c151	2	22	33	36	49	55	119	1	1	1	111	1	1	1	1
c152	10	22	33	39	43	61	5	2	2	2	1	2	2	2	2
c153	2	22	33	36	49	62	6	3	3	3	2	3	3	3	3
c154	10	22	33	36	49	61	7	3	3	3	3	3	3	3	4
c155	10	22	33	39	50	62	7	3	3	3	3	4	4	4	5
c156	10	22	4	40	51	61	7	4	4	4	4	5	5	5	6
