clu10	clu20	clu30	clu40	clu50	clu60	clu70	clu80	clu90	clu100	clu110	clu120	clu130	clu140	clu150
c1	4	4	4	4	4	4	4	4	4	4	4	4	4	4	4
c2	2	2	2	2	2	2	2	2	2	2	2	2	2	2	2
c3	37	37	37	37	37	37	37	37	37	37	37	37	37	37	37
c4	7	7	7	7	7	7	7	7	7	7	7	7	7	7	7
c5	60	60	60	60	60	60	60	60	60	60	60	60	60	60	60
c6	17	17	17	17	17	17	17	17	17	17	17	17	17	17	17
c7	14	14	14	14	14	14	14	14	14	14	14	14	14	14	14
c8	5	5	5	5	5	5	5	5	5	5	5	5	5	5	5
c9	7	7	7	7	7	7	7	7	7	7	7	7	7	7	7
c10	9	9	9	9	9	9	9	9	9	9	9	9	9	9	9
c11	7	7	7	7	7	7	7	7	7	7	7	7	7	7	7
c12	33	33	33	33	33	33	33	33	33	33	33	33	33	33	33
c13	4	4	4	4	4	4	4	4	4	4	4	4	4	4	4
c14	3	3	3	3	3	3	3	3	3	3	3	3	3	3	3
c15	4	4	4	4	4	4	4	4	4	4	4	4	4	4	4
c16	23	23	23	23	23	23	23	23	23	23	23	23	23	23	23
c17	3	3	3	3	3	3	3	3	3	3	3	3	3	3	3
c18	12	12	12	12	12	12	12	12	12	12	12	12	12	12	12
c19	23	23	23	23	23	23	23	23	23	23	23	23	23	23	23
c20	29	29	29	29	29	29	29	29	29	29	29	29	29	29	29
c21	11	11	11	11	11	11	11	11	11	11	11	11	11	11	11
c22	16	16	16	16	16	16	16	16	16	16	16	16	16	16	16
c23	26	26	26	26	26	26	26	26	26	26	26	26	26	26	26
c24	1	1	1	1	1	1	1	1	1	1	1	1	1	1	1
c25	56	56	56	56	56	56	56	56	56	56	56	56	56	56	56
c26	2	2	2	2	2	2	2	2	2	2	2	2	2	2	2
c27	1	1	1	1	1	1	1	1	1	1	1	1	1	1	1
c28	31	31	31	31	31	31	31	31	31	31	31	31	31	31	31
c29	15	15	15	15	15	15	15	15	15	15	15	15	15	15	15
c30	14	14	14	14	14	14	14	14	14	14	14	14	14	14	14
c31	14	14	14	14	14	14	14	14	14	14	14	14	14	14	14
c32	6	6	6	6	6	6	6	6	6	6	6	6	6	6	6
c33	6	6	6	6	6	6	6	6	6	6	6	6	6	6	6
c34	23	23	23	23	23	23	23	23	23	23	23	23	23	23	23
c35	15	15	15	15	15	15	15	15	15	15	15	15	15	15	15
c36	20	20	20	20	20	20	20	20	20	20	20	20	20	20	20
c37	36	36	36	36	36	36	36	36	36	36	36	36	36	36	36
c38	9	9	9	9	9	9	9	9	9	9	9	9	9	9	9
c39	16	16	16	16	16	16	16	16	16	16	16	16	16	16	16
c40	8	8	8	8	8	8	8	8	8	8	8	8	8	8	8
c41	13	13	13	13	13	13	13	13	13	13	13	13	13	13	13
c42	28	28	28	28	28	28	28	28	28	28	28	28	28	28	28
c43	8	8	8	8	8	8	8	8	8	8	8	8	8	8	8
c44	30	30	30	30	30	30	30	30	30	30	30	30	30	30	30
c45	13	13	13	13	13	13	13	13	13	13	13	13	13	13	13
c46	13	13	13	13	13	13	13	13	13	13	13	13	13	13	13
c47	9	9	9	9	9	9	9	9	9	9	9	9	9	9	9
c48	25	25	25	25	25	25	25	25	25	25	25	25	25	25	25
c49	30	30	30	30	30	30	30	30	30	30	30	30	30	30	30
c50	16	16	16	16	16	16	16	16	16	16	16	16	16	16	16
c51	24	24	24	24	24	24	24	24	24	24	24	24	24	24	24
c52	21	21	21	21	21	21	21	21	21	21	21	21	21	21	21
c53	8	8	8	8	8	8	8	8	8	8	8	8	8	8	8
c54	37	37	37	37	37	37	37	37	37	37	37	37	37	37	37
c55	31	31	31	31	31	31	31	31	31	31	31	31	31	31	31
c56	15	15	15	15	15	15	15	15	15	15	15	15	15	15	15
c57	23	23	23	23	23	23	23	23	23	23	23	23	23	23	23
c58	18	18	18	18	18	18	18	18	18	18	18	18	18	18	18
c59	21	21	21	21	21	21	21	21	21	21	21	21	21	21	21
c60	1	1	1	1	1	1	1	1	1	1	1	1	1	1	1
c61	40	40	40	40	40	40	40	40	40	40	40	40	40	40	40
c62	12	12	12	12	12	12	12	12	12	12	12	12	12	12	12
c63	18	18	18	18	18	18	18	18	18	18	18	18	18	18	18
c64	16	16	16	16	16	16	16	16	16	16	16	16	16	16	16
c65	5	5	5	5	5	5	5	5	5	5	5	5	5	5	5
c66	1	1	1	1	1	1	1	1	1	1	1	1	1	1	1
c67	12	12	12	12	12	12	12	12	12	12	12	12	12	12	12
c68	25	25	25	25	25	25	25	25	25	25	25	25	25	25	25
c69	11	11	11	11	11	11	11	11	11	11	11	11	11	11	11
c70	4	4	4	4	4	4	4	4	4	4	4	4	4	4	4
c71	23	23	23	23	23	23	23	23	23	23	23	23	23	23	23
c72	5	5	5	5	5	5	5	5	5	5	5	5	5	5	5
c73	19	19	19	19	19	19	19	19	19	19	19	19	19	19	19
c74	9	9	9	9	9	9	9	9	9	9	9	9	9	9	9
c75	29	29	29	29	29	29	29	29	29	29	29	29	29	29	29
c76	28	28	28	28	28	28	28	28	28	28	28	28	28	28	28
c77	12	12	12	12	12	12	12	12	12	12	12	12	12	12	12
c78	7	7	7	7	7	7	7	7	7	7	7	7	7	7	7
c79	21	21	21	21	21	21	21	21	21	21	21	21	21	21	21
c80	34	34	34	34	34	34	34	34	34	34	34	34	34	34	34
c81	15	15	15	15	15	15	15	15	15	15	15	15	15	15	15
c82	7	7	7	7	7	7	7	7	7	7	7	7	7	7	7
c83	3	3	3	3	3	3	3	3	3	3	3	3	3	3	3
c84	35	35	35	35	35	35	35	35	35	35	35	35	35	35	35
c85	2	2	2	2	2	2	2	2	2	2	2	2	2	2	2
c86	17	17	17	17	17	17	17	17	17	17	17	17	17	17	17
c87	20	20	20	20	20	20	20	20	20	20	20	20	20	20	20
c88	2	2	2	2	2	2	2	2	2	2	2	2	2	2	2
c89	15	15	15	15	15	15	15	15	15	15	15	15	15	15	15
c90	17	17	17	17	17	17	17	17	17	17	17	17	17	17	17
c91	2	2	2	2	2	2	2	2	2	2	2	2	2	2	2
c92	36	36	36	36	36	36	36	36	36	36	36	36	36	36	36
c93	2	2	2	2	2	2	2	2	2	2	2	2	2	2	2
c94	38	38	38	38	38	38	38	38	38	38	38	38	38	38	38
c95	10	10	10	10	10	10	10	10	10	10	10	10	10	10	10
c96	15	15	15	15	15	15	15	15	15	15	15	15	15	15	15
c97	19	19	19	19	19	19	19	19	19	19	19	19	19	19	19
c98	15	15	15	15	15	15	15	15	15	15	15	15	15	15	15
c99	29	29	29	29	29	29	29	29	29	29	29	29	29	29	29
c100	16	16	16	16	16	16	16	16	16	16	16	16	16	16	16
c101	25	25	25	25	25	25	25	25	25	25	25	25	25	25	25
c102	16	16	16	16	16	16	16	16	16	16	16	16	16	16	16
c103	25	25	25	25	25	25	25	25	25	25	25	25	25	25	25
c104	6	6	6	6	6	6	6	6	6	6	6	6	6	6	6
c105	13	13	13	13	13	13	13	13	13	13	13	13	13	13	13
c106	19	19	19	19	19	19	19	19	19	19	19	19	19	19	19
c107	18	18	18	18	18	18	18	18	18	18	18	18	18	18	18
c108	25	25	25	25	25	25	25	25	25	25	25	25	25	25	25
c109	4	4	4	4	4	4	4	4	4	4	4	4	4	4	4
c110	2	2	2	2	2	2	2	2	2	2	2	2	2	2	2
c111	3	3	3	3	3	3	3	3	3	3	3	3	3	3	3
c112	1	1	1	1	1	1	1	1	1	1	1	1	1	1	1
c113	19	19	19	19	19	19	19	19	19	19	19	19	19	19	19
c114	7	7	7	7	7	7	7	7	7	7	7	7	7	7	7
c115	11	11	11	11	11	11	11	11	11	11	11	11	11	11	11
c116	12	12	12	12	12	12	12	12	12	12	12	12	12	12	12
c117	10	10	10	10	10	10	10	10	10	10	10	10	10	10	10
c118	18	18	18	18	18	18	18	18	18	18	18	18	18	18	18
c119	17	17	17	17	17	17	17	17	17	17	17	17	17	17	17
c120	34	34	34	34	34	34	34	34	34	34	34	34	34	34	34
c121	11	11	11	11	11	11	11	11	11	11	11	11	11	11	11
c122	4	4	4	4	4	4	4	4	4	4	4	4	4	4	4
c123	2	2	2	2	2	2	2	2	2	2	2	2	2	2	2
c124	26	26	26	26	26	26	26	26	26	26	26	26	26	26	26
c125	9	9	9	9	9	9	9	9	9	9	9	9	9	9	9
c126	4	4	4	4	4	4	4	4	4	4	4	4	4	4	4
c127	27	27	27	27	27	27	27	27	27	27	27	27	27	27	27
c128	13	13	13	13	13	13	13	13	13	13	13	13	13	13	13
c129	29	29	29	29	29	29	29	29	29	29	29	29	29	29	29
c130	20	20	20	20	20	20	20	20	20	20	20	20	20	20	20
c131	7	7	7	7	7	7	7	7	7	7	7	7	7	7	7
c132	14	14	14	14	14	14	14	14	14	14	14	14	14	14	14
c133	13	13	13	13	13	13	13	13	13	13	13	13	13	13	13
c134	49	49	49	49	49	49	49	49	49	49	49	49	49	49	49
c135	22	22	22	22	22	22	22	22	22	22	22	22	22	22	22
c136	18	18	18	18	18	18	18	18	18	18	18	18	18	18	18
c137	23	23	23	23	23	23	23	23	23	23	23	23	23	23	23
c138	10	10	10	10	10	10	10	10	10	10	10	10	10	10	10
c139	59	59	59	59	59	59	59	59	59	59	59	59	59	59	59
c140	18	18	18	18	18	18	18	18	18	18	18	18	18	18	18
c141	18	18	18	18	18	18	18	18	18	18	18	18	18	18	18
c142	5	5	5	5	5	5	5	5	5	5	5	5	5	5	5
c143	10	10	10	10	10	10	10	10	10	10	10	10	10	10	10
c144	17	17	17	17	17	17	17	17	17	17	17	17	17	17	17
c145	20	20	20	20	20	20	20	20	20	20	20	20	20	20	20
c146	8	8	8	8	8	8	8	8	8	8	8	8	8	8	8
c147	10	10	10	10	10	10	10	10	10	10	10	10	10	10	10
c148	25	25	25	25	25	25	25	25	25	25	25	25	25	25	25
c149	24	24	24	24	24	24	24	24	24	24	24	24	24	24	24
c150	17	17	17	17	17	17	17	17	17	17	17	17	17	17	17
