clu10	clu20	clu30	clu40	clu50	clu60	clu70	clu80	clu90	clu100	clu110	clu120	clu130	clu140	clu150
c1	1	1	1	1	2	3	2	1	2	1	4	3	1	2	1
c2	1	1	1	2	2	3	3	2	2	1	4	3	3	2	3
c3	1	1	1	1	2	3	2	1	2	1	4	3	1	2	4
c4	1	1	1	2	2	3	3	2	2	1	4	3	3	2	6
c5	1	1	1	1	2	3	2	1	2	1	4	3	1	2	7
c6	1	1	1	1	3	2	2	1	3	2	3	4	1	3	9
c7	1	1	1	2	2	3	3	2	2	1	4	3	3	2	10
c8	1	1	1	2	3	2	3	2	3	2	3	4	3	3	13
c9	1	1	1	2	3	2	3	2	3	2	3	4	3	3	14
c10	1	1	1	2	2	3	3	2	2	1	4	3	3	2	15
c11	1	1	2	2	3	2	3	2	3	2	3	4	3	3	17
c12	1	1	2	1	2	3	4	3	2	1	4	3	4	2	18
c13	1	1	2	3	4	4	5	4	4	3	5	5	5	4	19
c14	1	1	2	3	4	4	5	4	5	4	6	6	6	5	21
c15	1	1	2	3	4	4	5	4	5	5	7	7	7	6	24
c16	1	1	2	3	4	4	5	4	6	6	8	8	8	7	25
c17	1	1	2	3	5	5	6	5	6	6	9	9	9	8	26
c18	1	1	3	3	5	6	7	6	7	7	10	10	10	9	29
c19	1	1	3	3	5	6	7	6	8	8	11	11	11	10	31
c20	2	2	4	4	6	7	8	7	8	8	12	12	12	11	32
c21	2	3	5	4	6	8	9	8	9	9	13	13	13	12	33
c22	3	4	6	5	7	9	10	9	10	10	14	14	14	13	35
c23	4	5	7	6	8	10	11	10	11	11	15	15	15	14	36
c24	4	5	7	7	9	11	12	11	12	12	16	16	16	15	37
c25	4	6	8	8	10	12	13	12	13	13	17	17	17	16	38
c26	5	8	9	8	10	12	13	13	14	14	18	18	18	17	39
c27	5	8	9	9	11	13	14	14	15	15	19	19	19	18	40
c28	5	8	9	10	12	14	15	15	16	16	20	20	20	19	43
c29	5	8	9	10	12	14	15	15	17	17	21	21	21	20	45
c30	5	8	9	10	12	15	16	16	17	18	22	22	22	21	46
c31	5	8	10	10	12	15	17	17	18	19	23	23	23	22	48
c32	5	8	10	10	12	15	17	17	19	20	24	24	24	23	49
c33	6	9	11	11	13	16	18	18	19	21	25	25	25	24	50
c34	6	9	11	11	14	17	19	19	20	22	26	26	26	25	51
c35	7	11	12	12	15	18	20	20	21	23	27	27	27	26	54
c36	7	11	12	12	15	18	20	20	22	24	28	28	28	27	55
c37	7	11	12	14	18	21	25	24	22	24	28	29	29	28	56
c38	7	11	12	14	18	21	25	24	24	26	30	30	30	29	59
c39	7	11	12	15	19	23	26	25	25	27	31	31	31	30	63
c40	7	11	12	15	19	23	26	26	26	28	32	31	32	31	65
c41	7	11	12	13	16	19	24	29	27	30	34	33	33	32	68
c42	5	12	14	14	18	21	30	31	29	35	38	34	34	33	69
c43	5	12	14	14	18	21	32	24	31	34	39	35	34	34	70
c44	1	1	1	17	21	26	25	31	24	26	30	37	37	35	72
c45	5	12	14	17	21	26	32	32	31	34	39	43	38	36	74
c46	5	12	14	2	3	2	33	32	32	36	40	44	39	37	75
c47	5	12	14	17	21	26	33	2	32	36	40	42	42	38	76
c48	1	1	1	17	21	26	3	32	3	2	3	33	45	39	79
c49	7	12	15	17	21	26	33	32	32	36	40	42	47	39	80
c50	7	12	15	2	3	2	33	32	32	36	40	45	49	42	81
c51	7	11	12	19	22	27	33	2	32	36	40	45	36	43	82
c52	5	12	15	19	22	27	3	33	3	2	3	4	49	44	83
c53	7	12	15	14	18	21	34	34	33	37	41	45	50	47	85
c54	5	12	15	13	16	19	35	34	34	38	42	45	50	52	86
c55	5	12	15	19	22	27	35	31	34	38	42	45	3	53	87
c56	7	12	15	20	23	28	24	29	31	34	39	4	50	41	88
c57	5	12	14	19	22	27	35	34	29	35	38	46	50	53	89
c58	5	12	15	20	23	28	36	35	34	38	42	49	50	54	90
c59	5	12	15	20	23	28	35	34	35	39	43	49	3	54	92
c60	5	13	14	19	22	27	36	35	34	38	42	43	51	3	93
c61	7	13	14	20	23	28	36	35	35	39	43	49	53	54	94
c62	7	13	16	17	21	26	35	34	35	39	43	48	53	54	95
c63	7	13	16	20	23	28	36	35	34	38	42	49	49	54	96
c64	7	13	16	20	23	28	33	32	35	39	43	48	45	3	97
c65	7	13	16	20	24	29	36	35	32	36	40	48	53	55	98
c66	7	13	16	21	24	29	36	35	35	39	43	49	54	56	100
c67	7	13	16	21	25	30	37	36	35	39	43	48	53	56	101
c68	7	13	16	21	25	30	37	36	36	40	44	45	54	53	102
c69	7	13	16	21	25	30	38	37	36	40	44	48	54	52	103
c70	7	13	16	21	25	30	38	37	37	41	45	48	53	56	104
c71	7	14	16	21	26	31	38	37	37	41	45	50	54	57	106
c72	6	11	16	22	26	31	38	38	38	42	46	51	50	56	107
c73	7	11	17	22	25	30	39	39	39	43	47	52	54	57	110
c74	7	11	13	22	27	32	39	39	40	44	48	52	54	57	111
c75	7	11	13	22	27	32	38	37	40	44	49	53	55	56	112
c76	7	11	13	22	27	32	40	40	37	41	45	54	56	57	113
c77	7	11	13	23	27	32	40	40	41	45	50	55	57	54	114
c78	7	11	13	16	27	32	40	40	41	45	50	56	57	57	115
c79	7	11	12	16	28	33	41	41	42	46	51	52	58	57	117
c80	7	11	12	16	20	24	41	41	43	47	52	57	59	58	119
c81	7	11	12	16	20	24	42	42	43	47	53	57	60	59	120
c82	7	14	13	16	20	24	28	44	46	49	54	58	61	60	121
c83	6	14	12	13	20	24	28	44	48	52	58	59	57	60	122
c84	6	14	13	14	20	24	28	44	48	52	58	60	62	61	124
c85	6	14	12	13	17	25	31	30	48	52	58	61	62	62	125
c86	6	11	17	13	18	21	28	44	30	33	36	62	63	63	126
c87	7	14	17	16	17	25	31	30	48	52	58	64	64	64	128
c88	6	11	17	15	17	25	28	44	30	33	36	64	65	60	129
c89	7	14	17	13	20	24	30	28	48	52	58	64	66	65	130
c90	6	14	13	15	19	23	32	31	28	31	35	39	67	65	133
c91	6	14	17	16	17	25	30	28	31	34	39	64	70	66	135
c92	6	14	13	13	19	23	30	28	28	31	35	39	70	67	136
c93	6	9	17	23	20	25	28	44	28	31	35	64	70	68	138
c94	6	14	17	24	17	33	26	25	48	52	58	44	43	69	140
c95	6	14	17	24	28	34	30	28	26	29	33	42	70	70	141
c96	6	14	18	24	29	34	26	25	28	31	35	44	43	72	143
c97	6	14	11	16	29	34	31	30	26	28	32	44	70	72	144
c98	6	14	18	23	29	24	30	28	30	33	36	64	47	72	146
c99	7	14	18	24	20	33	42	42	28	31	35	36	49	48	147
c100	7	14	17	16	28	34	43	43	44	51	56	44	47	72	148
c101	7	14	18	24	29	24	43	43	47	50	59	35	70	48	149
c102	7	14	17	24	20	34	43	43	47	50	59	39	41	72	150
c103	8	15	18	24	29	34	42	44	47	50	59	44	47	73	1
c104	8	15	18	25	29	34	43	42	48	52	59	66	40	53	3
c105	8	15	19	12	29	35	28	43	47	51	58	65	43	73	4
c106	8	15	19	25	30	18	44	44	48	50	60	65	47	73	6
c107	8	15	19	25	15	35	44	45	49	52	61	65	71	72	7
c108	8	15	19	23	30	35	43	45	50	53	59	66	69	46	9
